40039217,41.869211,-87.666719,1303697941.0,None,40040073
40040073,41.869206,-87.666408,1303697969.0,40039217,40040168
40040168,41.869215,-87.666118,1303697972.0,40040073,40040266
40040266,41.869234,-87.665767,1303697975.0,40040168,40040332
40040332,41.869243,-87.665512,1303697977.0,40040266,40040393
40040393,41.869246,-87.665269,1303697979.0,40040332,40040486
40040486,41.869253,-87.664922,1303697982.0,40040393,40040575
40040575,41.869258,-87.6646,1303697985.0,40040486,40040697
40040697,41.869266,-87.66431,1303697989.0,40040575,40040945
40040945,41.86928,-87.664034,1303697996.0,40040697,40041033
40041033,41.869283,-87.663789,1303697999.0,40040945,40041130
40041130,41.869291,-87.663467,1303698002.0,40041033,40041232
40041232,41.869304,-87.6631,1303698005.0,40041130,40041290
40041290,41.869312,-87.662848,1303698007.0,40041232,40041362
40041362,41.869317,-87.662604,1303698009.0,40041290,40041470
40041470,41.869322,-87.662264,1303698012.0,40041362,40041572
40041572,41.869324,-87.662018,1303698015.0,40041470,40041739
40041739,41.869323,-87.661766,1303698020.0,40041572,40041875
40041875,41.869317,-87.661469,1303698024.0,40041739,40041984
40041984,41.869327,-87.661169,1303698027.0,40041875,40042088
40042088,41.869334,-87.660813,1303698030.0,40041984,40042157
40042157,41.869338,-87.660556,1303698032.0,40042088,40042225
40042225,41.869342,-87.660285,1303698034.0,40042157,40042293
40042293,41.869344,-87.660014,1303698036.0,40042225,40042359
40042359,41.869349,-87.659742,1303698038.0,40042293,40042422
40042422,41.869356,-87.659467,1303698040.0,40042359,40042493
40042493,41.869359,-87.659201,1303698042.0,40042422,40042565
40042565,41.869362,-87.658949,1303698044.0,40042493,40042638
40042638,41.869366,-87.658706,1303698046.0,40042565,40042747
40042747,41.869368,-87.658344,1303698049.0,40042638,40042846
40042846,41.869368,-87.657987,1303698052.0,40042747,40042953
40042953,41.869374,-87.657631,1303698055.0,40042846,40043057
40043057,41.869382,-87.657305,1303698058.0,40042953,40043161
40043161,41.869394,-87.657043,1303698061.0,40043057,40043334
40043334,41.869418,-87.656796,1303698066.0,40043161,40043579
40043579,41.869638,-87.656767,1303698073.0,40043334,40043686
40043686,41.869822,-87.656775,1303698076.0,40043579,40043796
40043796,41.870059,-87.656785,1303698079.0,40043686,40043911
40043911,41.870325,-87.656793,1303698082.0,40043796,40043983
40043983,41.870513,-87.656796,1303698084.0,40043911,40044059
40044059,41.870705,-87.656802,1303698086.0,40043983,40044128
40044128,41.87089,-87.656806,1303698088.0,40044059,40044200
40044200,41.87107,-87.656812,1303698090.0,40044128,40044305
40044305,41.87132,-87.656823,1303698093.0,40044200,40044411
40044411,41.871546,-87.656832,1303698096.0,40044305,40044517
40044517,41.871761,-87.656834,1303698099.0,40044411,40044627
40044627,41.871959,-87.656812,1303698102.0,40044517,40044896
40044896,41.87214,-87.656776,1303698109.0,40044627,40045077
40045077,41.87238,-87.656756,1303698114.0,40044896,40045174
40045174,41.872614,-87.656747,1303698117.0,40045077,40045284
40045284,41.872871,-87.656735,1303698120.0,40045174,40045357
40045357,41.873052,-87.65673,1303698122.0,40045284,40045426
40045426,41.873233,-87.656719,1303698124.0,40045357,40045540
40045540,41.873494,-87.656712,1303698127.0,40045426,40045654
40045654,41.873727,-87.65672,1303698130.0,40045540,40045765
40045765,41.873909,-87.656727,1303698133.0,40045654,40045905
40045905,41.874094,-87.656732,1303698137.0,40045765,40046084
40046084,41.874237,-87.656538,1303698142.0,40045905,40046224
40046224,41.874253,-87.656235,1303698146.0,40046084,40046339
40046339,41.874253,-87.655941,1303698149.0,40046224,40046441
40046441,41.874252,-87.655635,1303698152.0,40046339,40046466
40046466,41.874255,-87.655314,1303698155.0,40046441,40046479
40046479,41.874261,-87.654984,1303698158.0,40046466,40046496
40046496,41.874273,-87.654631,1303698161.0,40046479,40046509
40046509,41.87428,-87.654389,1303698163.0,40046496,40046523
40046523,41.874284,-87.654142,1303698165.0,40046509,40046539
40046539,41.874287,-87.653892,1303698167.0,40046523,40046555
40046555,41.87429,-87.653641,1303698169.0,40046539,40046573
40046573,41.874292,-87.653399,1303698171.0,40046555,40046601
40046601,41.874293,-87.653056,1303698174.0,40046573,40046631
40046631,41.874295,-87.652721,1303698177.0,40046601,40046663
40046663,41.874296,-87.652448,1303698180.0,40046631,40046708
40046708,41.874296,-87.652187,1303698184.0,40046663,40046756
40046756,41.8743,-87.651898,1303698188.0,40046708,40046794
40046794,41.874307,-87.651621,1303698191.0,40046756,40046831
40046831,41.874315,-87.651295,1303698194.0,40046794,40046872
40046872,41.874325,-87.650963,1303698197.0,40046831,40046914
40046914,41.874329,-87.650613,1303698200.0,40046872,40046951
40046951,41.874333,-87.65026,1303698203.0,40046914,40046998
40046998,41.874343,-87.64991,1303698206.0,40046951,40047042
40047042,41.874353,-87.649554,1303698209.0,40046998,40047073
40047073,41.874359,-87.649308,1303698211.0,40047042,40047107
40047107,41.874366,-87.649063,1303698213.0,40047073,40047139
40047139,41.874371,-87.648818,1303698215.0,40047107,40047170
40047170,41.874371,-87.648571,1303698217.0,40047139,40047203
40047203,41.874363,-87.648319,1303698219.0,40047170,40047238
40047238,41.874341,-87.648069,1303698221.0,40047203,40047287
40047287,41.874308,-87.647723,1303698224.0,40047238,40047338
40047338,41.874291,-87.647467,1303698227.0,40047287,40047413
40047413,41.874193,-87.647244,1303698231.0,40047338,40047483
40047483,41.873965,-87.647205,1303698235.0,40047413,40047543
40047543,41.873746,-87.647207,1303698238.0,40047483,40047598
40047598,41.873488,-87.647194,1303698241.0,40047543,40047636
40047636,41.873294,-87.647186,1303698243.0,40047598,40047674
40047674,41.873098,-87.647173,1303698245.0,40047636,40047715
40047715,41.872905,-87.647164,1303698247.0,40047674,40047756
40047756,41.872717,-87.647158,1303698249.0,40047715,40047805
40047805,41.872464,-87.64717,1303698252.0,40047756,40047866
40047866,41.872272,-87.647189,1303698255.0,40047805,40048182
40048182,41.872067,-87.64713,1303698270.0,40047866,40048271
40048271,41.871859,-87.6471,1303698274.0,40048182,40048337
40048337,41.871636,-87.647092,1303698277.0,40048271,40048395
40048395,41.871381,-87.647084,1303698280.0,40048337,40048424
40048424,41.8712,-87.647076,1303698282.0,40048395,40048444
40048444,41.871016,-87.647068,1303698284.0,40048424,40048466
40048466,41.870833,-87.647061,1303698286.0,40048444,40048511
40048511,41.870568,-87.647058,1303698289.0,40048466,40048557
40048557,41.870323,-87.647053,1303698292.0,40048511,40048619
40048619,41.870109,-87.647044,1303698295.0,40048557,40048710
40048710,41.869893,-87.647046,1303698299.0,40048619,40048846
40048846,41.869687,-87.647039,1303698305.0,40048710,40048941
40048941,41.869439,-87.647028,1303698309.0,40048846,40049017
40049017,41.869184,-87.647018,1303698312.0,40048941,40049054
40049054,41.868999,-87.647006,1303698314.0,40049017,40049095
40049095,41.868813,-87.646997,1303698316.0,40049054,40049143
40049143,41.868626,-87.646991,1303698318.0,40049095,40049192
40049192,41.868446,-87.646983,1303698320.0,40049143,40049267
40049267,41.868195,-87.64699,1303698323.0,40049192,40049338
40049338,41.86797,-87.647016,1303698326.0,40049267,40049428
40049428,41.867745,-87.64702,1303698330.0,40049338,None
