49728088,41.867309,-87.647034,1303045249.0,None,49728306
49728306,41.867215,-87.647272,1303045255.0,49728088,49728454
49728454,41.867209,-87.647545,1303045259.0,49728306,49728570
49728570,41.867202,-87.647804,1303045262.0,49728454,49728678
49728678,41.867201,-87.648097,1303045265.0,49728570,49728791
49728791,41.867204,-87.64839,1303045268.0,49728678,49728831
49728831,41.867198,-87.648662,1303045271.0,49728791,49728844
49728844,41.867192,-87.648911,1303045274.0,49728831,49728874
49728874,41.867189,-87.649183,1303045279.0,49728844,49729006
49729006,41.867165,-87.649481,1303045294.0,49728874,49729039
49729039,41.86716,-87.649747,1303045297.0,49729006,49729073
49729073,41.867163,-87.65003,1303045300.0,49729039,49729109
49729109,41.867165,-87.650331,1303045303.0,49729073,49729146
49729146,41.867167,-87.650607,1303045306.0,49729109,49729198
49729198,41.867195,-87.650883,1303045310.0,49729146,49729253
49729253,41.867393,-87.650954,1303045314.0,49729198,49729295
49729295,41.86759,-87.650972,1303045317.0,49729253,49729339
49729339,41.867817,-87.650987,1303045320.0,49729295,49729384
49729384,41.868057,-87.650998,1303045323.0,49729339,49729430
49729430,41.868298,-87.651013,1303045326.0,49729384,49729477
49729477,41.868539,-87.651025,1303045329.0,49729430,49729525
49729525,41.868786,-87.65103,1303045332.0,49729477,49729575
49729575,41.869019,-87.65104,1303045335.0,49729525,49729625
49729625,41.869235,-87.651074,1303045338.0,49729575,49729677
49729677,41.869421,-87.651122,1303045341.0,49729625,49729747
49729747,41.869537,-87.651369,1303045345.0,49729677,49729799
49729799,41.86953,-87.651629,1303045348.0,49729747,49729857
49729857,41.869514,-87.651918,1303045351.0,49729799,49729913
49729913,41.869502,-87.652238,1303045354.0,49729857,49729968
49729968,41.869491,-87.652569,1303045357.0,49729913,49730025
49730025,41.869493,-87.65291,1303045360.0,49729968,49730087
49730087,41.869497,-87.653242,1303045363.0,49730025,49730146
49730146,41.869489,-87.653557,1303045366.0,49730087,49730204
49730204,41.869482,-87.653848,1303045369.0,49730146,49730292
49730292,41.869476,-87.654092,1303045374.0,49730204,49730381
49730381,41.869479,-87.654361,1303045379.0,49730292,49730390
49730390,41.869478,-87.654637,1303045382.0,49730381,49730404
49730404,41.86948,-87.654963,1303045385.0,49730390,49730422
49730422,41.869473,-87.655314,1303045388.0,49730404,49730443
49730443,41.869467,-87.655677,1303045391.0,49730422,49730467
49730467,41.869467,-87.656038,1303045394.0,49730443,49730493
49730493,41.869476,-87.656384,1303045397.0,49730467,49730521
49730521,41.869469,-87.656732,1303045400.0,49730493,49730551
49730551,41.869446,-87.657091,1303045403.0,49730521,49730572
49730572,41.869433,-87.657337,1303045405.0,49730551,49730594
49730594,41.869423,-87.657584,1303045407.0,49730572,49730616
49730616,41.869421,-87.657831,1303045409.0,49730594,49730640
49730640,41.869425,-87.658077,1303045411.0,49730616,49730664
49730664,41.869423,-87.658321,1303045413.0,49730640,49730701
49730701,41.869417,-87.658681,1303045416.0,49730664,49730740
49730740,41.869409,-87.659037,1303045419.0,49730701,49730780
49730780,41.869402,-87.659392,1303045422.0,49730740,49730822
49730822,41.869394,-87.659751,1303045425.0,49730780,49730864
49730864,41.869384,-87.66011,1303045428.0,49730822,49730893
49730893,41.869382,-87.660353,1303045430.0,49730864,49730938
49730938,41.869379,-87.660707,1303045433.0,49730893,49730985
49730985,41.869374,-87.661041,1303045436.0,49730938,49731032
49731032,41.869375,-87.661364,1303045439.0,49730985,49731080
49731080,41.869366,-87.661697,1303045442.0,49731032,49731130
49731130,41.869351,-87.662043,1303045445.0,49731080,49731181
49731181,41.869338,-87.66239,1303045448.0,49731130,49731233
49731233,41.869335,-87.66274,1303045451.0,49731181,49731286
49731286,41.869334,-87.663086,1303045454.0,49731233,49731340
49731340,41.869324,-87.663417,1303045457.0,49731286,49731395
49731395,41.869316,-87.663703,1303045460.0,49731340,49731487
49731487,41.869314,-87.66395,1303045465.0,49731395,49731563
49731563,41.869315,-87.664193,1303045469.0,49731487,49731622
49731622,41.869313,-87.664469,1303045472.0,49731563,49731679
49731679,41.869305,-87.664792,1303045475.0,49731622,49731741
49731741,41.869299,-87.665119,1303045478.0,49731679,49731803
49731803,41.869291,-87.665447,1303045481.0,49731741,49731865
49731865,41.869288,-87.665776,1303045484.0,49731803,49731907
49731907,41.869294,-87.666219,1303045488.0,49731865,49731978
49731978,41.869291,-87.666565,1303045491.0,49731907,49732050
49732050,41.86928,-87.66691,1303045494.0,49731978,49732105
49732105,41.869263,-87.667255,1303045497.0,49732050,49732170
49732170,41.869259,-87.6676,1303045500.0,49732105,49732222
49732222,41.869256,-87.667956,1303045503.0,49732170,49732272
49732272,41.869251,-87.668305,1303045506.0,49732222,49732323
49732323,41.869246,-87.66869,1303045510.0,49732272,49732564
49732564,41.86925,-87.668971,1303045522.0,49732323,49732641
49732641,41.869253,-87.669214,1303045525.0,49732564,49732711
49732711,41.869236,-87.669501,1303045528.0,49732641,49732779
49732779,41.869227,-87.669821,1303045531.0,49732711,49732853
49732853,41.869213,-87.670166,1303045534.0,49732779,49732929
49732929,41.869207,-87.670512,1303045537.0,49732853,49733000
49733000,41.869201,-87.670852,1303045540.0,49732929,49733044
49733044,41.869196,-87.671134,1303045543.0,49733000,49733203
49733203,41.869193,-87.671413,1303045549.0,49733044,49733309
49733309,41.869185,-87.671726,1303045553.0,49733203,49733381
49733381,41.86918,-87.672036,1303045556.0,49733309,49733462
49733462,41.869175,-87.672378,1303045559.0,49733381,49733538
49733538,41.869172,-87.672723,1303045562.0,49733462,49733623
49733623,41.869151,-87.673044,1303045565.0,49733538,49733699
49733699,41.869131,-87.673337,1303045568.0,49733623,49733830
49733830,41.869118,-87.673602,1303045573.0,49733699,49733972
49733972,41.869121,-87.673918,1303045578.0,49733830,49734056
49734056,41.86912,-87.67419,1303045581.0,49733972,49734134
49734134,41.869117,-87.674488,1303045584.0,49734056,49734215
49734215,41.869118,-87.674806,1303045587.0,49734134,49734297
49734297,41.869121,-87.675131,1303045590.0,49734215,49734383
49734383,41.869123,-87.675454,1303045593.0,49734297,49734470
49734470,41.869121,-87.675735,1303045596.0,49734383,None
