79881651,41.869225,-87.670285,1303819972.0,None,79882234
79882234,41.869222,-87.670557,1303819989.0,79881651,79882334
79882334,41.86921,-87.670828,1303819992.0,79882234,79882438
79882438,41.869224,-87.671139,1303819995.0,79882334,79882609
79882609,41.869211,-87.67138,1303820000.0,79882438,79882917
79882917,41.869423,-87.671461,1303820009.0,79882609,79883060
79883060,41.869635,-87.671515,1303820013.0,79882917,79883165
79883165,41.869873,-87.671543,1303820016.0,79883060,79883268
79883268,41.870126,-87.671577,1303820019.0,79883165,79883476
79883476,41.87031,-87.67155,1303820025.0,79883268,79883612
79883612,41.870517,-87.671525,1303820029.0,79883476,79883721
79883721,41.870753,-87.671537,1303820032.0,79883612,79883833
79883833,41.870987,-87.671555,1303820035.0,79883721,79883946
79883946,41.871185,-87.671585,1303820038.0,79883833,79884365
79884365,41.871367,-87.671577,1303820050.0,79883946,79884519
79884519,41.871573,-87.671593,1303820054.0,79884365,79884634
79884634,41.871812,-87.671601,1303820057.0,79884519,79884705
79884705,41.871993,-87.671601,1303820059.0,79884634,79884769
79884769,41.872185,-87.671595,1303820061.0,79884705,79884840
79884840,41.872379,-87.671593,1303820063.0,79884769,79884910
79884910,41.872564,-87.671593,1303820065.0,79884840,79885009
79885009,41.872822,-87.671602,1303820068.0,79884910,79885078
79885078,41.873078,-87.671605,1303820071.0,79885009,79885177
79885177,41.87333,-87.671624,1303820074.0,79885078,79885269
79885269,41.873587,-87.671643,1303820077.0,79885177,79885364
79885364,41.873835,-87.671647,1303820080.0,79885269,79885522
79885522,41.874018,-87.671536,1303820085.0,79885364,79885699
79885699,41.874041,-87.671249,1303820090.0,79885522,79885810
79885810,41.874053,-87.670996,1303820093.0,79885699,79885918
79885918,41.874093,-87.670671,1303820096.0,79885810,79886016
79886016,41.87412,-87.670317,1303820099.0,79885918,79886091
79886091,41.874212,-87.670072,1303820102.0,79886016,79886118
79886118,41.874408,-87.670122,1303820108.0,79886091,79886137
79886137,41.874489,-87.669874,1303820111.0,79886118,79886159
79886159,41.874517,-87.669569,1303820114.0,79886137,79886183
79886183,41.874501,-87.669274,1303820117.0,79886159,79886219
79886219,41.87447,-87.668964,1303820121.0,79886183,79886249
79886249,41.874399,-87.668616,1303820124.0,79886219,79886269
79886269,41.874308,-87.668328,1303820126.0,79886249,79886291
79886291,41.874272,-87.66808,1303820128.0,79886269,79886324
79886324,41.87424,-87.667817,1303820131.0,79886291,79886422
79886422,41.874178,-87.667462,1303820139.0,79886324,79886448
79886448,41.874133,-87.667205,1303820141.0,79886422,79886488
79886488,41.874141,-87.666916,1303820144.0,79886448,79886530
79886530,41.874154,-87.666539,1303820147.0,79886488,79886558
79886558,41.874139,-87.666246,1303820149.0,79886530,79886587
79886587,41.874128,-87.665947,1303820151.0,79886558,79886604
79886604,41.874082,-87.665581,1303820153.0,79886587,79886611
79886611,41.874074,-87.665278,1303820155.0,79886604,79886620
79886620,41.874075,-87.664984,1303820157.0,79886611,79886631
79886631,41.874076,-87.664682,1303820159.0,79886620,79886643
79886643,41.874078,-87.664381,1303820161.0,79886631,79886657
79886657,41.874074,-87.664073,1303820163.0,79886643,79886672
79886672,41.87407,-87.663778,1303820165.0,79886657,79886688
79886688,41.874067,-87.663497,1303820167.0,79886672,79886705
79886705,41.874061,-87.663227,1303820169.0,79886688,79886723
79886723,41.874061,-87.662966,1303820171.0,79886705,79886742
79886742,41.874063,-87.662719,1303820173.0,79886723,79886772
79886772,41.874072,-87.662369,1303820176.0,79886742,79886804
79886804,41.874074,-87.662003,1303820179.0,79886772,79886826
79886826,41.874073,-87.661744,1303820181.0,79886804,79886849
79886849,41.874079,-87.661475,1303820183.0,79886826,79886873
79886873,41.874081,-87.661203,1303820185.0,79886849,79886897
79886897,41.874089,-87.66093,1303820187.0,79886873,79886922
79886922,41.874098,-87.660647,1303820189.0,79886897,79886948
79886948,41.874112,-87.660352,1303820191.0,79886922,79886974
79886974,41.874121,-87.660056,1303820193.0,79886948,79887001
79887001,41.87413,-87.659753,1303820195.0,79886974,79887029
79887029,41.874134,-87.659453,1303820197.0,79887001,79887057
79887057,41.874137,-87.659152,1303820199.0,79887029,79887085
79887085,41.87414,-87.658859,1303820201.0,79887057,79887115
79887115,41.87414,-87.658576,1303820203.0,79887085,79887139
79887139,41.874148,-87.658292,1303820205.0,79887115,79887172
79887172,41.87415,-87.658014,1303820207.0,79887139,79887202
79887202,41.874152,-87.657749,1303820209.0,79887172,79887233
79887233,41.874155,-87.657497,1303820211.0,79887202,79887280
79887280,41.874155,-87.657139,1303820214.0,79887233,79887315
79887315,41.874157,-87.656886,1303820216.0,79887280,79887348
79887348,41.874164,-87.656634,1303820218.0,79887315,79887379
79887379,41.874167,-87.656378,1303820220.0,79887348,79887414
79887414,41.874173,-87.656127,1303820222.0,79887379,79887450
79887450,41.874176,-87.655878,1303820224.0,79887414,79887486
79887486,41.874176,-87.655633,1303820226.0,79887450,79887537
79887537,41.874173,-87.655271,1303820229.0,79887486,79887572
79887572,41.874177,-87.655024,1303820231.0,79887537,79887629
79887629,41.874181,-87.654663,1303820234.0,79887572,79887667
79887667,41.874186,-87.654417,1303820236.0,79887629,79887719
79887719,41.874192,-87.654059,1303820239.0,79887667,79887778
79887778,41.874208,-87.653729,1303820242.0,79887719,79887837
79887837,41.874216,-87.653403,1303820245.0,79887778,79887895
79887895,41.874251,-87.653146,1303820248.0,79887837,79887976
79887976,41.874266,-87.652833,1303820252.0,79887895,79888054
79888054,41.874253,-87.652557,1303820256.0,79887976,79888196
79888196,41.874212,-87.652309,1303820263.0,79888054,79888686
79888686,41.874218,-87.652043,1303820288.0,79888196,79888749
79888749,41.874237,-87.651744,1303820291.0,79888686,79888806
79888806,41.874254,-87.651386,1303820294.0,79888749,79888844
79888844,41.874259,-87.651126,1303820296.0,79888806,79888885
79888885,41.87427,-87.650865,1303820298.0,79888844,79888931
79888931,41.874286,-87.650616,1303820300.0,79888885,79889000
79889000,41.874338,-87.650314,1303820303.0,79888931,79889068
79889068,41.874354,-87.649954,1303820306.0,79889000,79889115
79889115,41.874362,-87.64968,1303820308.0,79889068,79889162
79889162,41.874369,-87.649402,1303820310.0,79889115,79889213
79889213,41.874385,-87.649131,1303820312.0,79889162,79889266
79889266,41.874409,-87.648887,1303820314.0,79889213,79889330
79889330,41.874417,-87.648529,1303820317.0,79889266,79889395
79889395,41.874405,-87.648181,1303820320.0,79889330,79889473
79889473,41.874373,-87.647858,1303820323.0,79889395,79889576
79889576,41.874339,-87.647595,1303820327.0,79889473,None
