9140641,41.869549,-87.648328,1301959780.0,None,9141330
9141330,41.869609,-87.648083,1301959808.0,9140641,9141351
9141351,41.869629,-87.647785,1301959811.0,9141330,9141375
9141375,41.869647,-87.647509,1301959814.0,9141351,9141439
9141439,41.86964,-87.647242,1301959821.0,9141375,9141480
9141480,41.869511,-87.647063,1301959825.0,9141439,9141502
9141502,41.869313,-87.647091,1301959828.0,9141480,9141719
9141719,41.869116,-87.647078,1301959845.0,9141502,9141762
9141762,41.86892,-87.647067,1301959848.0,9141719,9141792
9141792,41.868734,-87.647063,1301959850.0,9141762,9141821
9141821,41.868513,-87.647062,1301959852.0,9141792,9141851
9141851,41.868282,-87.647059,1301959854.0,9141821,9141883
9141883,41.868049,-87.647074,1301959856.0,9141851,9141915
9141915,41.867831,-87.647084,1301959858.0,9141883,9141962
9141962,41.867576,-87.647089,1301959861.0,9141915,9142011
9142011,41.867394,-87.647086,1301959864.0,9141962,9142078
9142078,41.867263,-87.647264,1301959868.0,9142011,9142129
9142129,41.867251,-87.647536,1301959871.0,9142078,9142164
9142164,41.86724,-87.647793,1301959873.0,9142129,9142200
9142200,41.86723,-87.648087,1301959875.0,9142164,9142236
9142236,41.867218,-87.648399,1301959877.0,9142200,9142272
9142272,41.867209,-87.648733,1301959879.0,9142236,9142307
9142307,41.86721,-87.649073,1301959881.0,9142272,9142346
9142346,41.867212,-87.649407,1301959883.0,9142307,9142383
9142383,41.86721,-87.649725,1301959885.0,9142346,9142420
9142420,41.867209,-87.650019,1301959887.0,9142383,9142458
9142458,41.867209,-87.650275,1301959889.0,9142420,9142513
9142513,41.867205,-87.650593,1301959892.0,9142458,9142697
9142697,41.867191,-87.650877,1301959902.0,9142513,9142778
9142778,41.867178,-87.651225,1301959906.0,9142697,9142815
9142815,41.867173,-87.651486,1301959908.0,9142778,9142847
9142847,41.867166,-87.65179,1301959910.0,9142815,9142896
9142896,41.867158,-87.652121,1301959912.0,9142847,9142941
9142941,41.867155,-87.652452,1301959914.0,9142896,9142984
9142984,41.867157,-87.652729,1301959916.0,9142941,9143026
9143026,41.867168,-87.652997,1301959919.0,9142984,9143348
9143348,41.86718,-87.653291,1301959936.0,9143026,9143415
9143415,41.86717,-87.653549,1301959939.0,9143348,9143483
9143483,41.867168,-87.653873,1301959942.0,9143415,9143531
9143531,41.867167,-87.654127,1301959944.0,9143483,9143578
9143578,41.867162,-87.654425,1301959946.0,9143531,9143626
9143626,41.867156,-87.654755,1301959948.0,9143578,9143673
9143673,41.867151,-87.655102,1301959950.0,9143626,9143721
9143721,41.867143,-87.655446,1301959952.0,9143673,9143766
9143766,41.867139,-87.655774,1301959954.0,9143721,9143818
9143818,41.867139,-87.656062,1301959956.0,9143766,9143895
9143895,41.867143,-87.656385,1301959959.0,9143818,9144461
9144461,41.867144,-87.656629,1301959982.0,9143895,9144555
9144555,41.86712,-87.65695,1301959986.0,9144461,9144610
9144610,41.867114,-87.657196,1301959988.0,9144555,9144661
9144661,41.867107,-87.657493,1301959990.0,9144610,9144711
9144711,41.867103,-87.657824,1301959992.0,9144661,9144766
9144766,41.867098,-87.658154,1301959994.0,9144711,9144820
9144820,41.867089,-87.658487,1301959996.0,9144766,9144874
9144874,41.867084,-87.658818,1301959998.0,9144820,9144929
9144929,41.86708,-87.659137,1301960000.0,9144874,9144984
9144984,41.867075,-87.659448,1301960002.0,9144929,9145041
9145041,41.86707,-87.659769,1301960004.0,9144984,9145094
9145094,41.867063,-87.660097,1301960006.0,9145041,9145146
9145146,41.867056,-87.660407,1301960008.0,9145094,9145203
9145203,41.867053,-87.660689,1301960010.0,9145146,9145260
9145260,41.867052,-87.660938,1301960012.0,9145203,9145345
9145345,41.867048,-87.661194,1301960015.0,9145260,9145924
9145924,41.86702,-87.661436,1301960035.0,9145345,9146049
9146049,41.867008,-87.661692,1301960039.0,9145924,9146137
9146137,41.866998,-87.661954,1301960042.0,9146049,9146415
9146415,41.866972,-87.662239,1301960052.0,9146137,9146510
9146510,41.86696,-87.662534,1301960056.0,9146415,9146601
9146601,41.86696,-87.662824,1301960059.0,9146510,9146686
9146686,41.866957,-87.663129,1301960062.0,9146601,9146782
9146782,41.86696,-87.663403,1301960065.0,9146686,9146907
9146907,41.86696,-87.663717,1301960069.0,9146782,9147038
9147038,41.866961,-87.664036,1301960073.0,9146907,9147122
9147122,41.866963,-87.664306,1301960076.0,9147038,9147215
9147215,41.866956,-87.664609,1301960079.0,9147122,9147308
9147308,41.866957,-87.664918,1301960082.0,9147215,9147401
9147401,41.866956,-87.665215,1301960085.0,9147308,9147539
9147539,41.86695,-87.665521,1301960089.0,9147401,9147737
9147737,41.866941,-87.665814,1301960095.0,9147539,9147866
9147866,41.866928,-87.666127,1301960099.0,9147737,9147959
9147959,41.866925,-87.666401,1301960102.0,9147866,9148045
9148045,41.866925,-87.666673,1301960105.0,9147959,9148154
9148154,41.866925,-87.666962,1301960108.0,9148045,9148257
9148257,41.866925,-87.667255,1301960111.0,9148154,9148358
9148358,41.866928,-87.667543,1301960114.0,9148257,9148449
9148449,41.866933,-87.667838,1301960117.0,9148358,9148549
9148549,41.866935,-87.668133,1301960120.0,9148449,9148652
9148652,41.866941,-87.668384,1301960123.0,9148549,9149549
9149549,41.86694,-87.668659,1301960149.0,9148652,9149723
9149723,41.867021,-87.668901,1301960154.0,9149549,9149856
9149856,41.867234,-87.668925,1301960158.0,9149723,9149974
9149974,41.867468,-87.668936,1301960161.0,9149856,9150043
9150043,41.867656,-87.668948,1301960163.0,9149974,9150114
9150114,41.867852,-87.668957,1301960165.0,9150043,9150177
9150177,41.868048,-87.668958,1301960167.0,9150114,9150247
9150247,41.868239,-87.668954,1301960169.0,9150177,9150360
9150360,41.8685,-87.668957,1301960172.0,9150247,9150470
9150470,41.868726,-87.668972,1301960175.0,9150360,9150581
9150581,41.868907,-87.668976,1301960178.0,9150470,9150771
9150771,41.869098,-87.668988,1301960183.0,9150581,9151310
9151310,41.869267,-87.669128,1301960198.0,9150771,9151450
9151450,41.869258,-87.669446,1301960202.0,9151310,9151555
9151555,41.869257,-87.669767,1301960205.0,9151450,9151657
9151657,41.869273,-87.670126,1301960208.0,9151555,9151733
9151733,41.869274,-87.670376,1301960210.0,9151657,9151845
9151845,41.869274,-87.670728,1301960213.0,9151733,9151952
9151952,41.869274,-87.671018,1301960216.0,9151845,9152527
9152527,41.869266,-87.671266,1301960232.0,9151952,9152915
9152915,41.869302,-87.671623,1301960244.0,9152527,9152971
9152971,41.869295,-87.671913,1301960246.0,9152915,9153031
9153031,41.869296,-87.672205,1301960248.0,9152971,9153097
9153097,41.869305,-87.672472,1301960250.0,9153031,9153202
9153202,41.869323,-87.672784,1301960253.0,9153097,9153474
9153474,41.86933,-87.673065,1301960261.0,9153202,9153620
9153620,41.869324,-87.673428,1301960265.0,9153474,9153701
9153701,41.869311,-87.67374,1301960267.0,9153620,9153779
9153779,41.869307,-87.674081,1301960269.0,9153701,9153857
9153857,41.869305,-87.674414,1301960271.0,9153779,9153935
9153935,41.869313,-87.674857,1301960274.0,9153857,9154045
9154045,41.869334,-87.675167,1301960277.0,9153935,9154292
9154292,41.869349,-87.675432,1301960284.0,9154045,None
