25764360,41.862547,-87.646827,1303941821.0,None,25764403
25764403,41.862499,-87.647067,1303941828.0,25764360,25764427
25764427,41.862489,-87.647315,1303941831.0,25764403,25764453
25764453,41.862466,-87.647656,1303941834.0,25764427,25764471
25764471,41.862446,-87.647908,1303941836.0,25764453,25764491
25764491,41.862437,-87.648163,1303941838.0,25764471,25764521
25764521,41.86243,-87.648499,1303941841.0,25764491,25764564
25764564,41.862428,-87.648743,1303941845.0,25764521,25764608
25764608,41.862414,-87.648998,1303941849.0,25764564,25764643
25764643,41.862401,-87.649349,1303941852.0,25764608,25764669
25764669,41.862403,-87.649623,1303941854.0,25764643,25764694
25764694,41.862395,-87.649896,1303941856.0,25764669,25764718
25764718,41.862384,-87.65015,1303941858.0,25764694,25764760
25764760,41.862366,-87.650475,1303941861.0,25764718,25764812
25764812,41.862348,-87.650736,1303941865.0,25764760,25764912
25764912,41.862495,-87.6509,1303941873.0,25764812,25764971
25764971,41.862699,-87.650908,1303941877.0,25764912,25765019
25765019,41.86294,-87.65093,1303941880.0,25764971,25765068
25765068,41.863199,-87.650933,1303941883.0,25765019,25765131
25765131,41.863407,-87.65092,1303941887.0,25765068,25765416
25765416,41.86364,-87.650965,1303941903.0,25765131,25765473
25765473,41.863863,-87.650982,1303941906.0,25765416,25765530
25765530,41.864114,-87.650986,1303941909.0,25765473,25765590
25765590,41.864357,-87.650989,1303941912.0,25765530,25765648
25765648,41.864545,-87.650986,1303941915.0,25765590,25765766
25765766,41.86474,-87.650991,1303941921.0,25765648,25765872
25765872,41.864971,-87.651028,1303941926.0,25765766,25765928
25765928,41.86519,-87.651056,1303941929.0,25765872,25765973
25765973,41.86539,-87.651069,1303941931.0,25765928,25766009
25766009,41.86561,-87.651071,1303941933.0,25765973,25766053
25766053,41.865837,-87.651076,1303941935.0,25766009,25766095
25766095,41.866066,-87.651072,1303941937.0,25766053,25766133
25766133,41.866279,-87.651066,1303941939.0,25766095,25766179
25766179,41.866484,-87.65106,1303941941.0,25766133,25766225
25766225,41.866681,-87.651059,1303941943.0,25766179,25766262
25766262,41.866863,-87.651064,1303941945.0,25766225,25766316
25766316,41.867089,-87.651076,1303941948.0,25766262,25766382
25766382,41.867226,-87.651281,1303941953.0,25766316,25766697
25766697,41.867211,-87.651559,1303941968.0,25766382,25766761
25766761,41.867198,-87.651867,1303941971.0,25766697,25766832
25766832,41.867188,-87.652166,1303941974.0,25766761,25766912
25766912,41.867193,-87.652433,1303941977.0,25766832,25766985
25766985,41.867189,-87.652695,1303941980.0,25766912,25767055
25767055,41.867186,-87.652996,1303941983.0,25766985,25767128
25767128,41.867185,-87.653324,1303941986.0,25767055,25767197
25767197,41.867174,-87.653641,1303941989.0,25767128,25767279
25767279,41.867157,-87.653992,1303941992.0,25767197,25767327
25767327,41.867148,-87.654263,1303941994.0,25767279,25767375
25767375,41.86714,-87.65455,1303941996.0,25767327,25767430
25767430,41.867136,-87.654852,1303941998.0,25767375,25767483
25767483,41.867136,-87.655147,1303942000.0,25767430,25767538
25767538,41.867128,-87.65543,1303942002.0,25767483,25767594
25767594,41.867122,-87.655703,1303942004.0,25767538,25767648
25767648,41.867117,-87.655956,1303942006.0,25767594,25767725
25767725,41.867113,-87.65627,1303942009.0,25767648,25767806
25767806,41.867105,-87.656515,1303942012.0,25767725,25768003
25768003,41.867245,-87.656705,1303942019.0,25767806,25768110
25768110,41.867427,-87.656726,1303942023.0,25768003,25768190
25768190,41.867656,-87.656744,1303942026.0,25768110,25768273
25768273,41.867891,-87.656756,1303942029.0,25768190,25768366
25768366,41.868108,-87.656754,1303942032.0,25768273,25768475
25768475,41.868294,-87.656755,1303942036.0,25768366,25768702
25768702,41.868488,-87.656794,1303942044.0,25768475,25768815
25768815,41.868704,-87.656794,1303942048.0,25768702,25768907
25768907,41.868891,-87.656794,1303942051.0,25768815,25769056
25769056,41.869086,-87.656765,1303942056.0,25768907,25769837
25769837,41.869259,-87.656693,1303942082.0,25769056,25770172
25770172,41.869439,-87.656755,1303942093.0,25769837,25770331
25770331,41.869645,-87.656823,1303942098.0,25770172,25770422
25770422,41.869863,-87.656855,1303942101.0,25770331,25770482
25770482,41.870043,-87.656874,1303942103.0,25770422,25770542
25770542,41.870252,-87.656871,1303942105.0,25770482,25770604
25770604,41.870472,-87.656857,1303942107.0,25770542,25770665
25770665,41.870691,-87.656847,1303942109.0,25770604,25770728
25770728,41.870911,-87.656843,1303942111.0,25770665,25770796
25770796,41.871127,-87.656832,1303942113.0,25770728,25770868
25770868,41.871334,-87.656818,1303942115.0,25770796,25770934
25770934,41.871535,-87.656824,1303942117.0,25770868,25770992
25770992,41.871724,-87.656825,1303942119.0,25770934,25771086
25771086,41.871949,-87.656825,1303942122.0,25770992,25771217
25771217,41.872144,-87.656824,1303942126.0,25771086,25771380
25771380,41.87235,-87.656781,1303942131.0,25771217,25771485
25771485,41.872554,-87.656788,1303942134.0,25771380,25771592
25771592,41.872785,-87.656794,1303942137.0,25771485,25771692
25771692,41.87303,-87.656782,1303942140.0,25771592,25771801
25771801,41.873244,-87.656767,1303942143.0,25771692,25771899
25771899,41.873471,-87.656773,1303942146.0,25771801,25771961
25771961,41.873653,-87.656786,1303942148.0,25771899,25772056
25772056,41.873892,-87.656782,1303942151.0,25771961,25772151
25772151,41.874082,-87.656788,1303942154.0,25772056,25772292
25772292,41.874259,-87.65674,1303942158.0,25772151,25772440
25772440,41.874331,-87.656483,1303942162.0,25772292,25772544
25772544,41.874349,-87.656239,1303942165.0,25772440,25772667
25772667,41.874342,-87.655975,1303942169.0,25772544,25773608
25773608,41.87434,-87.655716,1303942196.0,25772667,25773719
25773719,41.874333,-87.655473,1303942199.0,25773608,25773835
25773835,41.874331,-87.655153,1303942202.0,25773719,25773908
25773908,41.874328,-87.654895,1303942204.0,25773835,25773980
25773980,41.874325,-87.654617,1303942206.0,25773908,25774058
25774058,41.874321,-87.654339,1303942208.0,25773980,25774129
25774129,41.874323,-87.653925,1303942211.0,25774058,25774199
25774199,41.874326,-87.653653,1303942213.0,25774129,25774282
25774282,41.87433,-87.653393,1303942215.0,25774199,25774355
25774355,41.874334,-87.653147,1303942217.0,25774282,25774364
25774364,41.874341,-87.652802,1303942220.0,25774355,25774378
25774378,41.874342,-87.652524,1303942223.0,25774364,25774561
25774561,41.874336,-87.652273,1303942246.0,25774378,None
