57748112,41.86926,-87.656679,1302536846.0,None,57748270
57748270,41.869445,-87.656668,1302536854.0,57748112,57748474
57748474,41.869625,-87.656629,1302536864.0,57748270,57748646
57748646,41.869806,-87.656637,1302536872.0,57748474,57748712
57748712,41.870051,-87.656644,1302536875.0,57748646,57748757
57748757,41.870253,-87.656655,1302536877.0,57748712,57748788
57748788,41.87048,-87.656666,1302536879.0,57748757,57748819
57748819,41.870741,-87.65668,1302536881.0,57748788,57748854
57748854,41.871018,-87.656697,1302536883.0,57748819,57748878
57748878,41.871297,-87.656715,1302536885.0,57748854,57748913
57748913,41.871558,-87.656732,1302536887.0,57748878,57748949
57748949,41.871798,-87.656734,1302536889.0,57748913,57748981
57748981,41.872002,-87.65672,1302536891.0,57748949,57749047
57749047,41.872186,-87.656706,1302536894.0,57748981,57749178
57749178,41.87238,-87.656695,1302536900.0,57749047,57749249
57749249,41.872598,-87.656686,1302536903.0,57749178,57749295
57749295,41.872779,-87.656675,1302536905.0,57749249,57749341
57749341,41.872988,-87.65666,1302536907.0,57749295,57749387
57749387,41.873218,-87.656647,1302536909.0,57749341,57749432
57749432,41.873449,-87.656641,1302536911.0,57749387,57749480
57749480,41.873669,-87.656645,1302536913.0,57749432,57749544
57749544,41.873921,-87.656638,1302536916.0,57749480,57749562
57749562,41.874104,-87.656638,1302536921.0,57749544,57749684
57749684,41.874212,-87.65642,1302536937.0,57749562,57749714
57749714,41.874206,-87.656129,1302536940.0,57749684,57749746
57749746,41.8742,-87.655812,1302536943.0,57749714,57749970
57749970,41.874208,-87.655523,1302536961.0,57749746,57750012
57750012,41.874209,-87.655278,1302536964.0,57749970,57750056
57750056,41.874216,-87.65495,1302536967.0,57750012,57750081
57750081,41.874221,-87.654693,1302536969.0,57750056,57750107
57750107,41.874227,-87.654425,1302536971.0,57750081,57750140
57750140,41.874237,-87.654161,1302536973.0,57750107,57750173
57750173,41.874251,-87.653896,1302536975.0,57750140,57750202
57750202,41.87426,-87.653621,1302536977.0,57750173,57750234
57750234,41.874271,-87.653351,1302536979.0,57750202,57750269
57750269,41.874279,-87.653084,1302536981.0,57750234,57750304
57750304,41.874286,-87.652824,1302536983.0,57750269,57750352
57750352,41.874289,-87.652478,1302536986.0,57750304,57750406
57750406,41.874281,-87.652235,1302536989.0,57750352,57750872
57750872,41.874265,-87.651954,1302537014.0,57750406,57750953
57750953,41.874298,-87.651664,1302537018.0,57750872,57751013
57751013,41.874312,-87.651359,1302537021.0,57750953,57751078
57751078,41.87431,-87.651056,1302537024.0,57751013,57751143
57751143,41.874308,-87.65071,1302537027.0,57751078,57751197
57751197,41.874283,-87.650436,1302537030.0,57751143,57751286
57751286,41.874268,-87.650195,1302537034.0,57751197,57751395
57751395,41.874274,-87.649915,1302537039.0,57751286,57751530
57751530,41.874263,-87.649661,1302537045.0,57751395,57751732
57751732,41.87424,-87.64937,1302537054.0,57751530,57751790
57751790,41.874244,-87.649092,1302537057.0,57751732,57751811
57751811,41.874242,-87.648709,1302537060.0,57751790,57751841
57751841,41.87423,-87.648419,1302537062.0,57751811,57751876
57751876,41.874205,-87.64815,1302537064.0,57751841,57751917
57751917,41.874173,-87.64791,1302537066.0,57751876,57751984
57751984,41.874132,-87.647629,1302537069.0,57751917,57752107
57752107,41.874058,-87.647389,1302537074.0,57751984,57752197
57752197,41.873892,-87.647256,1302537078.0,57752107,57752270
57752270,41.873672,-87.647217,1302537081.0,57752197,57752316
57752316,41.873486,-87.647205,1302537083.0,57752270,57752364
57752364,41.87328,-87.647204,1302537085.0,57752316,57752413
57752413,41.873026,-87.647208,1302537087.0,57752364,57752463
57752463,41.872809,-87.647164,1302537089.0,57752413,57752514
57752514,41.872608,-87.647116,1302537091.0,57752463,57752564
57752564,41.872424,-87.647076,1302537093.0,57752514,57752641
57752641,41.872233,-87.64703,1302537096.0,57752564,57752979
57752979,41.872077,-87.646905,1302537109.0,57752641,57753458
57753458,41.871886,-87.646913,1302537127.0,57752979,57753538
57753538,41.871695,-87.646921,1302537130.0,57753458,57753615
57753615,41.871443,-87.646932,1302537133.0,57753538,57753672
57753672,41.871262,-87.646932,1302537135.0,57753615,57753729
57753729,41.871081,-87.646933,1302537137.0,57753672,57753786
57753786,41.870883,-87.646939,1302537139.0,57753729,57753845
57753845,41.870661,-87.646946,1302537141.0,57753786,57753891
57753891,41.870422,-87.64694,1302537143.0,57753845,57753948
57753948,41.87018,-87.646917,1302537145.0,57753891,57754003
57754003,41.869976,-87.646894,1302537147.0,57753948,57754089
57754089,41.869776,-87.646854,1302537150.0,57754003,57754205
57754205,41.869635,-87.646694,1302537154.0,57754089,57754313
57754313,41.869635,-87.646421,1302537158.0,57754205,57754404
57754404,41.869658,-87.646156,1302537161.0,57754313,57754496
57754496,41.869672,-87.64588,1302537164.0,57754404,57754585
57754585,41.869677,-87.645566,1302537167.0,57754496,57754670
57754670,41.869669,-87.64524,1302537170.0,57754585,57754758
57754758,41.869655,-87.644934,1302537173.0,57754670,57754847
57754847,41.869648,-87.644583,1302537176.0,57754758,57754910
57754910,41.869652,-87.644298,1302537178.0,57754847,57754968
57754968,41.869652,-87.643986,1302537180.0,57754910,57755029
57755029,41.869647,-87.64367,1302537182.0,57754968,57755098
57755098,41.869644,-87.64336,1302537184.0,57755029,57755157
57755157,41.869642,-87.643059,1302537186.0,57755098,57755214
57755214,41.869632,-87.642786,1302537188.0,57755157,57755311
57755311,41.869618,-87.642483,1302537191.0,57755214,57755766
57755766,41.869591,-87.642241,1302537206.0,57755311,57756477
57756477,41.869736,-87.642075,1302537228.0,57755766,57756586
57756586,41.869956,-87.642084,1302537231.0,57756477,57756652
57756652,41.87015,-87.642099,1302537233.0,57756586,57756715
57756715,41.870367,-87.642114,1302537235.0,57756652,57756780
57756780,41.870607,-87.642131,1302537237.0,57756715,57756837
57756837,41.870872,-87.642146,1302537239.0,57756780,57756902
57756902,41.871137,-87.642164,1302537241.0,57756837,57756959
57756959,41.871377,-87.642185,1302537243.0,57756902,57757025
57757025,41.871575,-87.642209,1302537245.0,57756959,57757170
57757170,41.87176,-87.642199,1302537249.0,57757025,57757627
57757627,41.871947,-87.642099,1302537263.0,57757170,57757764
57757764,41.871948,-87.64183,1302537267.0,57757627,57757870
57757870,41.871939,-87.641511,1302537270.0,57757764,57757945
57757945,41.871927,-87.641264,1302537272.0,57757870,57758049
57758049,41.871903,-87.640979,1302537275.0,57757945,57758288
57758288,41.871796,-87.640781,1302537282.0,57758049,57758430
57758430,41.871603,-87.640812,1302537286.0,57758288,57759392
57759392,41.871416,-87.64082,1302537313.0,57758430,57759575
57759575,41.871224,-87.640773,1302537318.0,57759392,57759687
57759687,41.870989,-87.640769,1302537321.0,57759575,57759764
57759764,41.870782,-87.640762,1302537323.0,57759687,57759841
57759841,41.870562,-87.64075,1302537325.0,57759764,57759894
57759894,41.870361,-87.640747,1302537327.0,57759841,57759950
57759950,41.870129,-87.640734,1302537330.0,57759894,57760008
57760008,41.869864,-87.640728,1302537337.0,57759950,None
