16959471,41.865741,-87.646812,1302718766.0,None,16959741
16959741,41.865532,-87.646818,1302718781.0,16959471,16959855
16959855,41.865347,-87.646857,1302718787.0,16959741,16960209
16960209,41.865142,-87.646891,1302718803.0,16959855,16960295
16960295,41.864932,-87.646901,1302718807.0,16960209,16960397
16960397,41.864709,-87.646907,1302718811.0,16960295,16960472
16960472,41.864509,-87.646923,1302718814.0,16960397,16960551
16960551,41.864289,-87.646948,1302718817.0,16960472,16960622
16960622,41.864027,-87.646976,1302718820.0,16960551,16960675
16960675,41.863819,-87.646991,1302718822.0,16960622,16960730
16960730,41.863604,-87.646996,1302718824.0,16960675,16960779
16960779,41.86339,-87.647001,1302718826.0,16960730,16960831
16960831,41.863178,-87.647015,1302718828.0,16960779,16960883
16960883,41.86299,-87.647053,1302718830.0,16960831,16960997
16960997,41.862795,-87.647042,1302718834.0,16960883,16961224
16961224,41.862613,-87.647012,1302718842.0,16960997,16961367
16961367,41.862531,-87.6473,1302718847.0,16961224,16961453
16961453,41.862493,-87.647633,1302718850.0,16961367,16961510
16961510,41.862457,-87.647915,1302718852.0,16961453,16961570
16961570,41.862431,-87.648214,1302718854.0,16961510,16961631
16961631,41.862393,-87.648504,1302718856.0,16961570,16961725
16961725,41.86236,-87.648765,1302718859.0,16961631,16961844
16961844,41.862343,-87.649075,1302718863.0,16961725,16961934
16961934,41.862354,-87.649432,1302718866.0,16961844,16961998
16961998,41.862344,-87.649736,1302718868.0,16961934,16962060
16962060,41.862345,-87.650045,1302718870.0,16961998,16962121
16962121,41.862329,-87.650336,1302718872.0,16962060,16962219
16962219,41.862312,-87.650658,1302718875.0,16962121,16962413
16962413,41.862401,-87.650906,1302718881.0,16962219,16962550
16962550,41.862603,-87.650909,1302718885.0,16962413,16962650
16962650,41.862882,-87.650915,1302718888.0,16962550,16962716
16962716,41.863092,-87.650919,1302718890.0,16962650,16962822
16962822,41.863314,-87.650921,1302718893.0,16962716,16962967
16962967,41.863527,-87.650925,1302718897.0,16962822,16963069
16963069,41.86379,-87.65094,1302718900.0,16962967,16963140
16963140,41.864011,-87.650951,1302718902.0,16963069,16963211
16963211,41.864234,-87.650957,1302718904.0,16963140,16963278
16963278,41.864428,-87.650949,1302718906.0,16963211,16963363
16963363,41.864613,-87.650942,1302718909.0,16963278,16963460
16963460,41.864828,-87.650957,1302718913.0,16963363,16963471
16963471,41.86511,-87.650968,1302718916.0,16963460,16963481
16963481,41.865335,-87.650968,1302718918.0,16963471,16963493
16963493,41.865564,-87.650973,1302718920.0,16963481,16963506
16963506,41.865795,-87.650988,1302718922.0,16963493,16963520
16963520,41.866023,-87.650997,1302718924.0,16963506,16963536
16963536,41.866243,-87.650998,1302718926.0,16963520,16963552
16963552,41.866461,-87.651004,1302718928.0,16963536,16963570
16963570,41.866681,-87.651018,1302718930.0,16963552,16963588
16963588,41.866872,-87.651029,1302718932.0,16963570,16963618
16963618,41.867066,-87.651087,1302718935.0,16963588,16963660
16963660,41.867166,-87.65138,1302718939.0,16963618,16963682
16963682,41.867159,-87.651631,1302718941.0,16963660,16963705
16963705,41.867154,-87.651912,1302718943.0,16963682,16963729
16963729,41.867144,-87.652188,1302718945.0,16963705,16963753
16963753,41.867139,-87.652441,1302718947.0,16963729,16963791
16963791,41.867133,-87.652781,1302718950.0,16963753,16963843
16963843,41.867145,-87.653051,1302718954.0,16963791,16964225
16964225,41.867093,-87.653294,1302718979.0,16963843,16964275
16964275,41.867102,-87.653545,1302718982.0,16964225,16964327
16964327,41.867132,-87.653876,1302718985.0,16964275,16964363
16964363,41.867142,-87.654126,1302718987.0,16964327,16964399
16964399,41.867147,-87.654386,1302718989.0,16964363,16964435
16964435,41.86713,-87.654658,1302718991.0,16964399,16964472
16964472,41.867092,-87.654933,1302718993.0,16964435,16964509
16964509,41.867061,-87.655227,1302718995.0,16964472,16964545
16964545,41.867041,-87.655523,1302718997.0,16964509,16964582
16964582,41.867028,-87.655805,1302718999.0,16964545,16964621
16964621,41.867013,-87.656056,1302719001.0,16964582,16964679
16964679,41.867006,-87.656349,1302719004.0,16964621,16964961
16964961,41.867017,-87.656594,1302719018.0,16964679,16965063
16965063,41.867235,-87.656722,1302719023.0,16964961,16965129
16965129,41.86748,-87.656721,1302719026.0,16965063,16965174
16965174,41.867662,-87.65672,1302719028.0,16965129,16965217
16965217,41.867842,-87.656728,1302719030.0,16965174,16965259
16965259,41.868022,-87.656735,1302719032.0,16965217,16965303
16965303,41.868283,-87.656729,1302719035.0,16965259,16965361
16965361,41.868484,-87.656733,1302719038.0,16965303,16965466
16965466,41.868665,-87.656731,1302719044.0,16965361,16965709
16965709,41.86885,-87.656785,1302719055.0,16965466,16965777
16965777,41.869031,-87.656776,1302719058.0,16965709,16965848
16965848,41.869266,-87.656766,1302719061.0,16965777,16965919
16965919,41.869497,-87.656774,1302719064.0,16965848,16965991
16965991,41.869721,-87.656781,1302719067.0,16965919,16966060
16966060,41.869968,-87.656797,1302719070.0,16965991,16966107
16966107,41.870157,-87.656808,1302719072.0,16966060,16966156
16966156,41.870356,-87.656808,1302719074.0,16966107,16966196
16966196,41.870558,-87.656805,1302719076.0,16966156,16966250
16966250,41.870764,-87.656806,1302719078.0,16966196,16966303
16966303,41.870958,-87.656805,1302719080.0,16966250,16966354
16966354,41.871146,-87.656803,1302719082.0,16966303,16966425
16966425,41.871404,-87.656809,1302719085.0,16966354,16966498
16966498,41.871632,-87.6568,1302719088.0,16966425,16966604
16966604,41.871847,-87.656771,1302719092.0,16966498,16966753
16966753,41.872066,-87.656752,1302719098.0,16966604,16966832
16966832,41.87227,-87.656746,1302719101.0,16966753,16966887
16966887,41.872458,-87.656756,1302719103.0,16966832,16966937
16966937,41.872665,-87.656748,1302719105.0,16966887,16966992
16966992,41.872874,-87.656737,1302719107.0,16966937,16967046
16967046,41.873088,-87.656722,1302719109.0,16966992,16967098
16967098,41.8733,-87.656732,1302719111.0,16967046,16967154
16967154,41.873498,-87.656735,1302719113.0,16967098,16967238
16967238,41.873719,-87.656736,1302719116.0,16967154,16967400
16967400,41.8739,-87.656761,1302719122.0,16967238,16967790
16967790,41.874095,-87.656757,1302719136.0,16967400,16967931
16967931,41.874183,-87.656511,1302719141.0,16967790,16968025
16968025,41.874175,-87.656264,1302719144.0,16967931,16968115
16968115,41.87417,-87.656015,1302719147.0,16968025,16968637
16968637,41.874207,-87.655752,1302719165.0,16968115,16968722
16968722,41.874217,-87.6555,1302719168.0,16968637,16968810
16968810,41.87422,-87.655152,1302719171.0,16968722,16968873
16968873,41.874219,-87.654867,1302719173.0,16968810,16968940
16968940,41.874218,-87.654556,1302719175.0,16968873,16968998
16968998,41.874221,-87.654237,1302719177.0,16968940,16969060
16969060,41.874226,-87.65391,1302719179.0,16968998,16969117
16969117,41.87423,-87.653572,1302719181.0,16969060,16969176
16969176,41.874231,-87.653233,1302719183.0,16969117,16969240
16969240,41.874232,-87.652906,1302719185.0,16969176,16969290
16969290,41.874238,-87.65259,1302719187.0,16969240,16969346
16969346,41.874243,-87.652295,1302719189.0,16969290,16969410
16969410,41.87425,-87.652024,1302719191.0,16969346,16969474
16969474,41.874259,-87.651763,1302719193.0,16969410,16969544
16969544,41.874277,-87.651481,1302719195.0,16969474,16969601
16969601,41.874287,-87.651171,1302719197.0,16969544,16969664
16969664,41.874292,-87.650856,1302719199.0,16969601,16969726
16969726,41.8743,-87.650555,1302719201.0,16969664,16969794
16969794,41.874304,-87.650254,1302719203.0,16969726,16969851
16969851,41.874304,-87.649956,1302719205.0,16969794,16969911
16969911,41.87431,-87.649658,1302719207.0,16969851,16969978
16969978,41.874316,-87.64936,1302719209.0,16969911,16970045
16970045,41.874328,-87.649067,1302719211.0,16969978,16970111
16970111,41.874338,-87.64877,1302719213.0,16970045,16970178
16970178,41.87435,-87.64846,1302719215.0,16970111,16970253
16970253,41.874347,-87.64814,1302719217.0,16970178,16970314
16970314,41.874326,-87.647821,1302719219.0,16970253,16970378
16970378,41.874285,-87.647533,1302719221.0,16970314,16970476
16970476,41.874199,-87.64722,1302719224.0,16970378,16970572
16970572,41.874003,-87.647087,1302719227.0,16970476,16970636
16970636,41.873815,-87.647084,1302719229.0,16970572,16970707
16970707,41.873597,-87.647103,1302719231.0,16970636,16970776
16970776,41.87336,-87.64712,1302719233.0,16970707,16970841
16970841,41.873127,-87.647129,1302719235.0,16970776,16970906
16970906,41.872899,-87.647119,1302719237.0,16970841,16970940
16970940,41.872672,-87.64711,1302719239.0,16970906,16971009
16971009,41.872459,-87.647124,1302719241.0,16970940,16971095
16971095,41.87221,-87.647132,1302719244.0,16971009,16971709
16971709,41.872011,-87.647098,1302719263.0,16971095,16971957
16971957,41.871799,-87.64706,1302719270.0,16971709,16972074
16972074,41.871611,-87.647063,1302719273.0,16971957,16972183
16972183,41.871377,-87.647071,1302719276.0,16972074,16972289
16972289,41.871131,-87.647077,1302719279.0,16972183,16972351
16972351,41.87095,-87.64708,1302719281.0,16972289,16972418
16972418,41.870744,-87.647079,1302719283.0,16972351,16972485
16972485,41.870533,-87.647071,1302719285.0,16972418,16972559
16972559,41.870323,-87.647072,1302719287.0,16972485,16972630
16972630,41.870143,-87.647069,1302719289.0,16972559,16972740
16972740,41.869935,-87.647074,1302719292.0,16972630,16972851
16972851,41.869748,-87.647036,1302719295.0,16972740,16972964
16972964,41.869643,-87.646827,1302719298.0,16972851,16973072
16973072,41.869648,-87.646544,1302719301.0,16972964,16973182
16973182,41.869655,-87.6463,1302719304.0,16973072,16973735
16973735,41.869612,-87.646036,1302719319.0,16973182,16973882
16973882,41.869617,-87.645731,1302719323.0,16973735,16973993
16973993,41.869621,-87.645395,1302719326.0,16973882,16974080
16974080,41.869625,-87.645059,1302719329.0,16973993,16974159
16974159,41.86963,-87.644751,1302719332.0,16974080,16974248
16974248,41.869637,-87.64442,1302719335.0,16974159,16974317
16974317,41.869643,-87.644172,1302719337.0,16974248,16974381
16974381,41.869647,-87.64391,1302719339.0,16974317,16974459
16974459,41.869647,-87.643643,1302719341.0,16974381,16974530
16974530,41.869647,-87.643366,1302719343.0,16974459,16974594
16974594,41.869652,-87.643087,1302719345.0,16974530,16974652
16974652,41.869655,-87.64282,1302719347.0,16974594,16974754
16974754,41.869656,-87.642502,1302719350.0,16974652,16974893
16974893,41.869669,-87.64226,1302719354.0,16974754,16975035
16975035,41.869882,-87.64218,1302719358.0,16974893,16975111
16975111,41.870069,-87.642203,1302719360.0,16975035,16975180
16975180,41.870285,-87.642226,1302719362.0,16975111,16975245
16975245,41.87052,-87.642242,1302719364.0,16975180,16975315
16975315,41.870763,-87.642254,1302719366.0,16975245,16975387
16975387,41.871005,-87.64226,1302719368.0,16975315,16975458
16975458,41.871243,-87.642268,1302719370.0,16975387,16975528
16975528,41.871467,-87.642268,1302719372.0,16975458,16975600
16975600,41.871663,-87.64227,1302719374.0,16975528,16975703
16975703,41.871887,-87.642252,1302719377.0,16975600,16975842
16975842,41.872057,-87.642164,1302719381.0,16975703,16975984
16975984,41.87208,-87.641839,1302719385.0,16975842,16976057
16976057,41.872059,-87.641581,1302719387.0,16975984,16976129
16976129,41.872043,-87.641299,1302719389.0,16976057,16976243
16976243,41.872007,-87.640972,1302719392.0,16976129,16976352
16976352,41.871852,-87.640838,1302719395.0,16976243,16976453
16976453,41.871628,-87.640865,1302719398.0,16976352,16976563
16976563,41.871369,-87.640894,1302719401.0,16976453,16976671
16976671,41.871102,-87.640944,1302719404.0,16976563,16976740
16976740,41.870898,-87.64098,1302719406.0,16976671,16976805
16976805,41.870684,-87.640994,1302719408.0,16976740,16976878
16976878,41.870426,-87.640986,1302719410.0,16976805,16976948
16976948,41.870205,-87.640973,1302719412.0,16976878,16977056
16977056,41.869989,-87.641004,1302719415.0,16976948,16977197
16977197,41.869849,-87.641251,1302719419.0,16977056,16977306
16977306,41.869801,-87.641533,1302719422.0,16977197,16977409
16977409,41.869764,-87.641829,1302719425.0,16977306,16977508
16977508,41.869747,-87.642148,1302719428.0,16977409,16977613
16977613,41.869729,-87.642515,1302719431.0,16977508,16977684
16977684,41.869718,-87.642784,1302719433.0,16977613,16977750
16977750,41.869712,-87.643069,1302719435.0,16977684,16977824
16977824,41.869705,-87.643351,1302719437.0,16977750,16977900
16977900,41.869694,-87.643625,1302719439.0,16977824,16977978
16977978,41.869677,-87.643885,1302719441.0,16977900,16978036
16978036,41.86966,-87.644139,1302719443.0,16977978,16978110
16978110,41.869652,-87.644394,1302719445.0,16978036,16978185
16978185,41.869646,-87.644658,1302719447.0,16978110,16978256
16978256,41.869641,-87.644927,1302719449.0,16978185,16978328
16978328,41.869631,-87.645201,1302719451.0,16978256,16978398
16978398,41.869627,-87.645464,1302719453.0,16978328,16978466
16978466,41.86962,-87.64572,1302719455.0,16978398,16978538
16978538,41.869607,-87.645972,1302719457.0,16978466,16978610
16978610,41.869592,-87.646221,1302719459.0,16978538,16978719
16978719,41.869572,-87.646566,1302719462.0,16978610,16978813
16978813,41.869557,-87.646821,1302719465.0,16978719,16979178
16979178,41.869479,-87.647065,1302719476.0,16978813,16979320
16979320,41.869246,-87.647085,1302719480.0,16979178,16979418
16979418,41.869016,-87.647097,1302719483.0,16979320,16979850
16979850,41.868827,-87.647073,1302719495.0,16979418,16979995
16979995,41.86862,-87.647051,1302719499.0,16979850,16980109
16980109,41.868419,-87.647037,1302719502.0,16979995,16980211
16980211,41.868178,-87.647029,1302719505.0,16980109,16980311
16980311,41.867932,-87.647014,1302719508.0,16980211,16980529
16980529,41.867746,-87.646995,1302719514.0,16980311,16981031
16981031,41.867565,-87.646958,1302719543.0,16980529,16981079
16981079,41.86736,-87.646943,1302719548.0,16981031,16981121
16981121,41.867168,-87.64694,1302719552.0,16981079,16981154
16981154,41.866973,-87.646931,1302719555.0,16981121,16981190
16981190,41.866756,-87.646929,1302719558.0,16981154,16981226
16981226,41.866575,-87.646958,1302719561.0,16981190,16981278
16981278,41.866372,-87.646974,1302719565.0,16981226,16981374
16981374,41.866183,-87.647057,1302719572.0,16981278,16981514
16981514,41.865972,-87.647105,1302719582.0,16981374,16981637
16981637,41.865786,-87.647111,1302719590.0,16981514,16981805
16981805,41.865615,-87.647015,1302719600.0,16981637,16982058
16982058,41.865443,-87.646929,1302719614.0,16981805,None
