92169976,41.874297,-87.659504,1302714646.0,None,92170045
92170045,41.874288,-87.659851,1302714648.0,92169976,92170109
92170109,41.874282,-87.660207,1302714650.0,92170045,92170172
92170172,41.874279,-87.660572,1302714652.0,92170109,92170212
92170212,41.874276,-87.66093,1302714654.0,92170172,92170219
92170219,41.874271,-87.661271,1302714656.0,92170212,92170228
92170228,41.874268,-87.661589,1302714658.0,92170219,92170239
92170239,41.874262,-87.661913,1302714660.0,92170228,92170251
92170251,41.874257,-87.662249,1302714662.0,92170239,92170265
92170265,41.874251,-87.662597,1302714664.0,92170251,92170280
92170280,41.874247,-87.662957,1302714666.0,92170265,92170296
92170296,41.874245,-87.663329,1302714668.0,92170280,92170313
92170313,41.874249,-87.663701,1302714670.0,92170296,92170331
92170331,41.874257,-87.664085,1302714672.0,92170313,92170350
92170350,41.874265,-87.664469,1302714674.0,92170331,92170370
92170370,41.874271,-87.664842,1302714676.0,92170350,92170390
92170390,41.874273,-87.665222,1302714678.0,92170370,92170412
92170412,41.874272,-87.665605,1302714680.0,92170390,92170434
92170434,41.874266,-87.665973,1302714682.0,92170412,92170457
92170457,41.87426,-87.666293,1302714684.0,92170434,92170481
92170481,41.874263,-87.666557,1302714686.0,92170457,92170517
92170517,41.87426,-87.666888,1302714689.0,92170481,92170569
92170569,41.874253,-87.667151,1302714693.0,92170517,92170637
92170637,41.87424,-87.667454,1302714698.0,92170569,92170676
92170676,41.87423,-87.667776,1302714701.0,92170637,92170706
92170706,41.874227,-87.668035,1302714703.0,92170676,92170736
92170736,41.874219,-87.668297,1302714705.0,92170706,92170766
92170766,41.874213,-87.668555,1302714707.0,92170736,92170811
92170811,41.874205,-87.668898,1302714710.0,92170766,92170876
92170876,41.874123,-87.669152,1302714714.0,92170811,92170940
92170940,41.873942,-87.669155,1302714718.0,92170876,92170991
92170991,41.873738,-87.669145,1302714721.0,92170940,92171025
92171025,41.873537,-87.669132,1302714723.0,92170991,92171059
92171059,41.873356,-87.669123,1302714725.0,92171025,92171114
92171114,41.873127,-87.669118,1302714728.0,92171059,92171218
92171218,41.872934,-87.669122,1302714734.0,92171114,92171295
92171295,41.872736,-87.669021,1302714738.0,92171218,92171349
92171349,41.872521,-87.668884,1302714741.0,92171295,92171387
92171387,41.872339,-87.668877,1302714743.0,92171349,92171446
92171446,41.872092,-87.66895,1302714746.0,92171387,92171545
92171545,41.871922,-87.669072,1302714751.0,92171446,92171703
92171703,41.871754,-87.669256,1302714759.0,92171545,92171786
92171786,41.871545,-87.669331,1302714763.0,92171703,92171871
92171871,41.871315,-87.669367,1302714767.0,92171786,92171930
92171930,41.871096,-87.6694,1302714770.0,92171871,92171973
92171973,41.870916,-87.669435,1302714772.0,92171930,92171997
92171997,41.870709,-87.669464,1302714774.0,92171973,92172024
92172024,41.870402,-87.669495,1302714777.0,92171997,92172056
92172056,41.87021,-87.669513,1302714779.0,92172024,92172106
92172106,41.869981,-87.669532,1302714782.0,92172056,92172268
92172268,41.869798,-87.669476,1302714790.0,92172106,92172449
92172449,41.869668,-87.669645,1302714798.0,92172268,92172509
92172509,41.869641,-87.669932,1302714801.0,92172449,92172573
92172573,41.869601,-87.670289,1302714804.0,92172509,92172618
92172618,41.869548,-87.670559,1302714806.0,92172573,92172667
92172667,41.869519,-87.67082,1302714808.0,92172618,92172742
92172742,41.869486,-87.671147,1302714811.0,92172667,92172834
92172834,41.869461,-87.6714,1302714815.0,92172742,92173232
92173232,41.869369,-87.67164,1302714831.0,92172834,92173310
92173310,41.869364,-87.671884,1302714834.0,92173232,92173383
92173383,41.869383,-87.672151,1302714837.0,92173310,92173432
92173432,41.869369,-87.672392,1302714839.0,92173383,92173483
92173483,41.869331,-87.672672,1302714841.0,92173432,92173530
92173530,41.869312,-87.672951,1302714843.0,92173483,92173584
92173584,41.869308,-87.673205,1302714845.0,92173530,92173664
92173664,41.869291,-87.673477,1302714848.0,92173584,92174169
92174169,41.86927,-87.673735,1302714867.0,92173664,92174277
92174277,41.869237,-87.674019,1302714871.0,92174169,92174364
92174364,41.869189,-87.67431,1302714874.0,92174277,92174369
92174369,41.869178,-87.674586,1302714876.0,92174364,92174377
92174377,41.86917,-87.674876,1302714878.0,92174369,92174387
92174387,41.869166,-87.675159,1302714880.0,92174377,92174399
92174399,41.869163,-87.675429,1302714882.0,92174387,92174412
92174412,41.869168,-87.675679,1302714884.0,92174399,92174434
92174434,41.869181,-87.675953,1302714887.0,92174412,92174588
92174588,41.869196,-87.676197,1302714903.0,92174434,92174647
92174647,41.869399,-87.676268,1302714908.0,92174588,92174684
92174684,41.869624,-87.676243,1302714911.0,92174647,92174736
92174736,41.869837,-87.676237,1302714915.0,92174684,92174819
92174819,41.870019,-87.676231,1302714921.0,92174736,92175111
92175111,41.870239,-87.676194,1302714941.0,92174819,92175160
92175160,41.870442,-87.67619,1302714944.0,92175111,92175213
92175213,41.870707,-87.676193,1302714947.0,92175160,92175250
92175250,41.870903,-87.676196,1302714949.0,92175213,92175277
92175277,41.871099,-87.676195,1302714951.0,92175250,92175332
92175332,41.871299,-87.676199,1302714954.0,92175277,92175575
92175575,41.871458,-87.676015,1302714967.0,92175332,92175632
92175632,41.871456,-87.675725,1302714970.0,92175575,92175693
92175693,41.871429,-87.67541,1302714973.0,92175632,92175773
92175773,41.871421,-87.675144,1302714977.0,92175693,92176291
92176291,41.871469,-87.674841,1302715001.0,92175773,92176352
92176352,41.871485,-87.674537,1302715004.0,92176291,92176408
92176408,41.871482,-87.67427,1302715007.0,92176352,92176532
92176532,41.871505,-87.674001,1302715015.0,92176408,92176684
92176684,41.871512,-87.673727,1302715022.0,92176532,92176813
92176813,41.871496,-87.673469,1302715027.0,92176684,92177303
92177303,41.87152,-87.673204,1302715047.0,92176813,92177384
92177384,41.871518,-87.672912,1302715050.0,92177303,92177469
92177469,41.8715,-87.672631,1302715053.0,92177384,92177593
92177593,41.8715,-87.672352,1302715058.0,92177469,92177696
92177696,41.871529,-87.672056,1302715062.0,92177593,92177803
92177803,41.871526,-87.671764,1302715066.0,92177696,92178297
92178297,41.87154,-87.671499,1302715084.0,92177803,92178383
92178383,41.871542,-87.671217,1302715087.0,92178297,92178467
92178467,41.871549,-87.670872,1302715090.0,92178383,92178557
92178557,41.871544,-87.670568,1302715093.0,92178467,92178671
92178671,41.871525,-87.670289,1302715097.0,92178557,92178775
92178775,41.871547,-87.670013,1302715101.0,92178671,92178863
92178863,41.871564,-87.669717,1302715104.0,92178775,92178950
92178950,41.871545,-87.669433,1302715107.0,92178863,92179122
92179122,41.871549,-87.669178,1302715113.0,92178950,92179325
92179325,41.87168,-87.668987,1302715120.0,92179122,92179418
92179418,41.871873,-87.668999,1302715123.0,92179325,92179512
92179512,41.872146,-87.669009,1302715126.0,92179418,92179574
92179574,41.872343,-87.669022,1302715128.0,92179512,92179660
92179660,41.872582,-87.669034,1302715131.0,92179574,92179811
92179811,41.872776,-87.669038,1302715136.0,92179660,92179934
92179934,41.872961,-87.669034,1302715140.0,92179811,92180030
92180030,41.873214,-87.669038,1302715143.0,92179934,92180092
92180092,41.873401,-87.669049,1302715145.0,92180030,92180185
92180185,41.873654,-87.669058,1302715148.0,92180092,92180268
92180268,41.873844,-87.669088,1302715151.0,92180185,92180555
92180555,41.874046,-87.669056,1302715160.0,92180268,92180678
92180678,41.874113,-87.668821,1302715164.0,92180555,92180776
92180776,41.874142,-87.668539,1302715167.0,92180678,92180872
92180872,41.874153,-87.668191,1302715170.0,92180776,92180977
92180977,41.874113,-87.667826,1302715173.0,92180872,92181083
92181083,41.874103,-87.667533,1302715176.0,92180977,92181176
92181176,41.874058,-87.667299,1302715179.0,92181083,92182083
92182083,41.874062,-87.667051,1302715207.0,92181176,92182239
92182239,41.874082,-87.666761,1302715211.0,92182083,92182344
92182344,41.874091,-87.666423,1302715214.0,92182239,92182421
92182421,41.874096,-87.666164,1302715216.0,92182344,92182491
92182491,41.874107,-87.665875,1302715218.0,92182421,92182552
92182552,41.874116,-87.665565,1302715220.0,92182491,92182617
92182617,41.874114,-87.665225,1302715222.0,92182552,92182684
92182684,41.874112,-87.664872,1302715224.0,92182617,92182756
92182756,41.8741,-87.664532,1302715226.0,92182684,92182829
92182829,41.874095,-87.66421,1302715228.0,92182756,92182909
92182909,41.874092,-87.6639,1302715230.0,92182829,92182984
92182984,41.874087,-87.663606,1302715232.0,92182909,92183061
92183061,41.874087,-87.663324,1302715234.0,92182984,92183128
92183128,41.874079,-87.663028,1302715236.0,92183061,92183193
92183193,41.874077,-87.662721,1302715238.0,92183128,92183265
92183265,41.874082,-87.662412,1302715240.0,92183193,92183326
92183326,41.874087,-87.66212,1302715242.0,92183265,92183392
92183392,41.874094,-87.661842,1302715244.0,92183326,92183467
92183467,41.874105,-87.661558,1302715246.0,92183392,92183537
92183537,41.874116,-87.661261,1302715248.0,92183467,92183607
92183607,41.874123,-87.660946,1302715250.0,92183537,92183684
92183684,41.874131,-87.660624,1302715252.0,92183607,92183761
92183761,41.874139,-87.6603,1302715254.0,92183684,92183833
92183833,41.874147,-87.659971,1302715256.0,92183761,92183906
92183906,41.874152,-87.659634,1302715258.0,92183833,92183981
92183981,41.874164,-87.659126,1302715261.0,92183906,92184059
92184059,41.874172,-87.658799,1302715263.0,92183981,92184132
92184132,41.874179,-87.658497,1302715265.0,92184059,92184209
92184209,41.874189,-87.658222,1302715267.0,92184132,92184284
92184284,41.874195,-87.65797,1302715269.0,92184209,92184399
92184399,41.874199,-87.657621,1302715272.0,92184284,92184507
92184507,41.874195,-87.657272,1302715275.0,92184399,92184576
92184576,41.874191,-87.65701,1302715277.0,92184507,92184647
92184647,41.874197,-87.656731,1302715279.0,92184576,92184721
92184721,41.874204,-87.656435,1302715281.0,92184647,92184798
92184798,41.874207,-87.656128,1302715283.0,92184721,92184877
92184877,41.87421,-87.655811,1302715285.0,92184798,92184953
92184953,41.874215,-87.655496,1302715287.0,92184877,92185030
92185030,41.874219,-87.655189,1302715289.0,92184953,92185109
92185109,41.874225,-87.654886,1302715291.0,92185030,92185178
92185178,41.874232,-87.654587,1302715293.0,92185109,92185244
92185244,41.874237,-87.65429,1302715295.0,92185178,92185315
92185315,41.874237,-87.653989,1302715297.0,92185244,92185388
92185388,41.874242,-87.653691,1302715299.0,92185315,92185460
92185460,41.874248,-87.653395,1302715301.0,92185388,None
