35817346,41.869283,-87.656733,1303396074.0,None,35817570
35817570,41.869471,-87.656742,1303396082.0,35817346,35817656
35817656,41.869665,-87.656762,1303396085.0,35817570,35817718
35817718,41.869845,-87.656774,1303396087.0,35817656,35817779
35817779,41.870047,-87.656785,1303396089.0,35817718,35817830
35817830,41.870269,-87.656792,1303396091.0,35817779,35817883
35817883,41.870506,-87.656794,1303396093.0,35817830,35817940
35817940,41.870752,-87.656803,1303396095.0,35817883,35818000
35818000,41.871001,-87.656814,1303396097.0,35817940,35818067
35818067,41.871245,-87.656823,1303396099.0,35818000,35818122
35818122,41.871479,-87.656834,1303396101.0,35818067,35818179
35818179,41.871689,-87.656827,1303396103.0,35818122,35818233
35818233,41.87187,-87.656807,1303396105.0,35818179,35818340
35818340,41.872084,-87.656794,1303396109.0,35818233,35818640
35818640,41.872318,-87.656769,1303396119.0,35818340,35818721
35818721,41.872534,-87.656762,1303396122.0,35818640,35818747
35818747,41.872806,-87.656749,1303396125.0,35818721,35818755
35818755,41.87312,-87.656728,1303396128.0,35818747,35818766
35818766,41.873348,-87.656719,1303396130.0,35818755,35818779
35818779,41.873575,-87.656717,1303396132.0,35818766,35818792
35818792,41.873771,-87.656722,1303396134.0,35818779,35818815
35818815,41.873991,-87.65673,1303396137.0,35818792,35818849
35818849,41.874192,-87.656702,1303396141.0,35818815,35818897
35818897,41.87423,-87.656397,1303396146.0,35818849,35818939
35818939,41.874232,-87.656085,1303396150.0,35818897,35819083
35819083,41.874236,-87.655821,1303396162.0,35818939,35819150
35819150,41.874253,-87.655526,1303396167.0,35819083,35819191
35819191,41.874271,-87.655229,1303396170.0,35819150,35819235
35819235,41.874276,-87.654854,1303396173.0,35819191,35819262
35819262,41.874273,-87.654567,1303396175.0,35819235,35819287
35819287,41.874273,-87.654255,1303396177.0,35819262,35819320
35819320,41.874272,-87.65393,1303396179.0,35819287,35819351
35819351,41.874278,-87.653608,1303396181.0,35819320,35819380
35819380,41.874285,-87.653291,1303396183.0,35819351,35819413
35819413,41.874289,-87.652984,1303396185.0,35819380,35819446
35819446,41.87429,-87.652704,1303396187.0,35819413,35819494
35819494,41.874295,-87.652384,1303396190.0,35819446,35819932
35819932,41.874308,-87.652119,1303396214.0,35819494,35820009
35820009,41.874324,-87.651797,1303396218.0,35819932,35820070
35820070,41.874331,-87.651464,1303396221.0,35820009,35820112
35820112,41.874342,-87.65121,1303396223.0,35820070,35820152
35820152,41.87435,-87.650938,1303396225.0,35820112,35820193
35820193,41.874354,-87.650664,1303396227.0,35820152,35820234
35820234,41.874355,-87.650403,1303396229.0,35820193,35820277
35820277,41.874355,-87.650154,1303396231.0,35820234,35820337
35820337,41.874368,-87.649801,1303396234.0,35820277,35820382
35820382,41.874372,-87.649555,1303396236.0,35820337,35820425
35820425,41.874375,-87.649297,1303396238.0,35820382,35820466
35820466,41.874381,-87.64903,1303396240.0,35820425,35820510
35820510,41.874381,-87.648757,1303396242.0,35820466,35820553
35820553,41.874388,-87.648496,1303396244.0,35820510,35820624
35820624,41.874369,-87.64816,1303396247.0,35820553,35820717
35820717,41.874338,-87.647916,1303396252.0,35820624,35821046
35821046,41.874305,-87.647641,1303396269.0,35820717,35821139
35821139,41.874276,-87.647386,1303396273.0,35821046,35821255
35821255,41.874096,-87.647193,1303396278.0,35821139,35821334
35821334,41.873889,-87.647177,1303396281.0,35821255,35821408
35821408,41.87363,-87.647197,1303396284.0,35821334,35821454
35821454,41.873433,-87.647202,1303396286.0,35821408,35821504
35821504,41.873221,-87.6472,1303396288.0,35821454,35821555
35821555,41.873012,-87.647195,1303396290.0,35821504,35821604
35821604,41.872798,-87.64719,1303396292.0,35821555,35821647
35821647,41.87259,-87.647187,1303396294.0,35821604,35821725
35821725,41.87235,-87.647192,1303396297.0,35821647,35821823
35821823,41.87213,-87.647185,1303396301.0,35821725,35822518
35822518,41.871902,-87.647132,1303396327.0,35821823,35822601
35822601,41.871688,-87.647116,1303396330.0,35822518,35822680
35822680,41.871421,-87.647108,1303396333.0,35822601,35822742
35822742,41.871231,-87.647092,1303396335.0,35822680,35822802
35822802,41.871035,-87.647065,1303396337.0,35822742,35822856
35822856,41.870831,-87.647049,1303396339.0,35822802,35822915
35822915,41.87062,-87.647042,1303396341.0,35822856,35822971
35822971,41.870405,-87.647018,1303396343.0,35822915,35823026
35823026,41.870187,-87.646987,1303396345.0,35822971,35823079
35823079,41.869994,-87.646976,1303396347.0,35823026,35823161
35823161,41.869795,-87.646972,1303396350.0,35823079,35824026
35824026,41.869612,-87.646945,1303396379.0,35823161,35824438
35824438,41.869577,-87.64667,1303396392.0,35824026,35824524
35824524,41.8696,-87.646387,1303396395.0,35824438,35824613
35824613,41.869621,-87.646088,1303396398.0,35824524,35825405
35825405,41.86964,-87.645806,1303396423.0,35824613,35825532
35825532,41.869658,-87.64551,1303396427.0,35825405,35825632
35825632,41.869663,-87.645232,1303396430.0,35825532,35825738
35825738,41.869667,-87.644948,1303396433.0,35825632,35825842
35825842,41.869668,-87.644622,1303396436.0,35825738,35825903
35825903,41.869673,-87.644359,1303396438.0,35825842,35825971
35825971,41.869678,-87.644072,1303396440.0,35825903,35826040
35826040,41.869686,-87.643782,1303396442.0,35825971,35826107
35826107,41.869692,-87.643483,1303396444.0,35826040,35826174
35826174,41.869701,-87.643182,1303396446.0,35826107,35826240
35826240,41.869705,-87.64292,1303396448.0,35826174,35826349
35826349,41.869706,-87.642607,1303396451.0,35826240,35826485
35826485,41.869775,-87.642317,1303396455.0,35826349,35826587
35826587,41.869954,-87.642242,1303396458.0,35826485,35826692
35826692,41.870199,-87.642239,1303396461.0,35826587,35826766
35826766,41.870388,-87.642243,1303396463.0,35826692,35826821
35826821,41.870592,-87.642249,1303396465.0,35826766,35826892
35826892,41.870814,-87.642259,1303396467.0,35826821,35826961
35826961,41.871051,-87.642267,1303396469.0,35826892,35827034
35827034,41.871278,-87.642273,1303396471.0,35826961,35827107
35827107,41.871477,-87.642277,1303396473.0,35827034,35827215
35827215,41.87172,-87.64228,1303396476.0,35827107,35827528
35827528,41.87191,-87.642285,1303396485.0,35827215,35827748
35827748,41.872014,-87.642013,1303396491.0,35827528,35827850
35827850,41.872019,-87.641744,1303396494.0,35827748,35827957
35827957,41.87201,-87.641424,1303396497.0,35827850,35828065
35828065,41.871991,-87.641182,1303396500.0,35827957,35828685
35828685,41.87195,-87.640929,1303396517.0,35828065,35828824
35828824,41.871739,-87.640893,1303396521.0,35828685,35828934
35828934,41.871506,-87.640893,1303396524.0,35828824,35829009
35829009,41.87132,-87.640884,1303396526.0,35828934,35829093
35829093,41.871106,-87.640877,1303396528.0,35829009,35829172
35829172,41.870872,-87.640866,1303396530.0,35829093,35829234
35829234,41.870635,-87.640853,1303396532.0,35829172,35829301
35829301,41.870432,-87.640846,1303396534.0,35829234,35829412
35829412,41.870205,-87.640847,1303396537.0,35829301,35829597
35829597,41.869984,-87.640883,1303396542.0,35829412,35830352
35830352,41.869804,-87.640959,1303396563.0,35829597,35830500
35830500,41.869785,-87.641318,1303396568.0,35830352,35830608
35830608,41.869776,-87.64158,1303396571.0,35830500,35830755
35830755,41.869768,-87.641907,1303396575.0,35830608,None
