100364526,41.874092,-87.666897,1304007521.0,None,100364604
100364604,41.874249,-87.666062,1304007525.0,100364526,100364624
100364624,41.874215,-87.665819,1304007526.0,100364604,100364664
100364664,41.874187,-87.665377,1304007528.0,100364624,100364706
100364706,41.874151,-87.664934,1304007530.0,100364664,100364747
100364747,41.874142,-87.664536,1304007532.0,100364706,100364789
100364789,41.874135,-87.664152,1304007534.0,100364747,100364829
100364829,41.874133,-87.66378,1304007536.0,100364789,100364865
100364865,41.87413,-87.663418,1304007538.0,100364829,100364911
100364911,41.874126,-87.663072,1304007540.0,100364865,100364952
100364952,41.874122,-87.662744,1304007542.0,100364911,100364997
100364997,41.874123,-87.662471,1304007544.0,100364952,100365060
100365060,41.874109,-87.66216,1304007547.0,100364997,100365357
100365357,41.874095,-87.661912,1304007565.0,100365060,100365472
100365472,41.874107,-87.661584,1304007570.0,100365357,100365543
100365543,41.874117,-87.661244,1304007573.0,100365472,100365589
100365589,41.874123,-87.661002,1304007575.0,100365543,100365639
100365639,41.87413,-87.660749,1304007577.0,100365589,100365684
100365684,41.874139,-87.660482,1304007579.0,100365639,100365733
100365733,41.874143,-87.660193,1304007581.0,100365684,100365779
100365779,41.874147,-87.659897,1304007583.0,100365733,100365828
100365828,41.874151,-87.659593,1304007585.0,100365779,100365877
100365877,41.874153,-87.659279,1304007587.0,100365828,100365928
100365928,41.874161,-87.65896,1304007589.0,100365877,100365979
100365979,41.874168,-87.65864,1304007591.0,100365928,100366031
100366031,41.874178,-87.658318,1304007593.0,100365979,100366079
100366079,41.874185,-87.657999,1304007595.0,100366031,100366131
100366131,41.874189,-87.657715,1304007597.0,100366079,100366202
100366202,41.874187,-87.6574,1304007600.0,100366131,100366569
100366569,41.874186,-87.657127,1304007614.0,100366202,100366649
100366649,41.874215,-87.656876,1304007617.0,100366569,100366733
100366733,41.874234,-87.656528,1304007620.0,100366649,100366786
100366786,41.874238,-87.656247,1304007622.0,100366733,100366837
100366837,41.874244,-87.655937,1304007624.0,100366786,100366892
100366892,41.874249,-87.655597,1304007626.0,100366837,100366946
100366946,41.874254,-87.655234,1304007628.0,100366892,100367003
100367003,41.87426,-87.65485,1304007630.0,100366946,100367063
100367063,41.874268,-87.654444,1304007632.0,100367003,100367123
100367123,41.874278,-87.654037,1304007634.0,100367063,100367176
100367176,41.874282,-87.653642,1304007636.0,100367123,100367230
100367230,41.874284,-87.653286,1304007638.0,100367176,100367287
100367287,41.874272,-87.652968,1304007640.0,100367230,100367342
100367342,41.874258,-87.652693,1304007642.0,100367287,100367427
100367427,41.874253,-87.652376,1304007645.0,100367342,100367986
100367986,41.874239,-87.652131,1304007664.0,100367427,100368499
100368499,41.874247,-87.651883,1304007681.0,100367986,100368622
100368622,41.874257,-87.651585,1304007685.0,100368499,100368723
100368723,41.874264,-87.651293,1304007688.0,100368622,100368816
100368816,41.874271,-87.650979,1304007691.0,100368723,100368873
100368873,41.874277,-87.650731,1304007693.0,100368816,100368931
100368931,41.874282,-87.65047,1304007695.0,100368873,100368992
100368992,41.874294,-87.650209,1304007697.0,100368931,100369051
100369051,41.874301,-87.649939,1304007699.0,100368992,100369114
100369114,41.874312,-87.649654,1304007701.0,100369051,100369181
100369181,41.874322,-87.649367,1304007703.0,100369114,100369251
100369251,41.874328,-87.649073,1304007705.0,100369181,100369314
100369314,41.874336,-87.648777,1304007707.0,100369251,100369369
100369369,41.874339,-87.648485,1304007709.0,100369314,100369425
100369425,41.874314,-87.64808,1304007712.0,100369369,100369523
100369523,41.874281,-87.647734,1304007715.0,100369425,100369631
100369631,41.874251,-87.647447,1304007718.0,100369523,100369763
100369763,41.874146,-87.647178,1304007722.0,100369631,100369859
100369859,41.873958,-87.647136,1304007725.0,100369763,100369948
100369948,41.873702,-87.647134,1304007728.0,100369859,100370012
100370012,41.873517,-87.647134,1304007730.0,100369948,100370115
100370115,41.873252,-87.647126,1304007733.0,100370012,100370176
100370176,41.873068,-87.647113,1304007735.0,100370115,100370252
100370252,41.872879,-87.647102,1304007737.0,100370176,100370325
100370325,41.872688,-87.647099,1304007739.0,100370252,100370394
100370394,41.872502,-87.647104,1304007741.0,100370325,100370487
100370487,41.872259,-87.647105,1304007744.0,100370394,100370616
100370616,41.872065,-87.647111,1304007748.0,100370487,100371188
100371188,41.871885,-87.647089,1304007765.0,100370616,100371326
100371326,41.87169,-87.647061,1304007769.0,100371188,100371427
100371427,41.871443,-87.647044,1304007772.0,100371326,100371499
100371499,41.871249,-87.647055,1304007774.0,100371427,100371571
100371571,41.871048,-87.647058,1304007776.0,100371499,100371642
100371642,41.870844,-87.647051,1304007778.0,100371571,100371708
100371708,41.870651,-87.64705,1304007780.0,100371642,100371813
100371813,41.870401,-87.647045,1304007783.0,100371708,100371919
100371919,41.87021,-87.647048,1304007786.0,100371813,100372104
100372104,41.870014,-87.647043,1304007791.0,100371919,100372623
100372623,41.869801,-87.647053,1304007806.0,100372104,100372740
100372740,41.869598,-87.647048,1304007809.0,100372623,100372850
100372850,41.869344,-87.647041,1304007812.0,100372740,100372920
100372920,41.869155,-87.647034,1304007814.0,100372850,100372997
100372997,41.868954,-87.647026,1304007816.0,100372920,100373069
100373069,41.86874,-87.647019,1304007818.0,100372997,100373138
100373138,41.868528,-87.647009,1304007820.0,100373069,100373199
100373199,41.868325,-87.647005,1304007822.0,100373138,100373270
100373270,41.868132,-87.647004,1304007824.0,100373199,100373346
100373346,41.86795,-87.647002,1304007826.0,100373270,100373459
100373459,41.867697,-87.646992,1304007829.0,100373346,100373578
100373578,41.86749,-87.646985,1304007832.0,100373459,100373726
100373726,41.867269,-87.646972,1304007836.0,100373578,100373834
100373834,41.867087,-87.646964,1304007839.0,100373726,100373939
100373939,41.866903,-87.646949,1304007842.0,100373834,100374046
100374046,41.866697,-87.646918,1304007845.0,100373939,100374155
100374155,41.866446,-87.646895,1304007848.0,100374046,100374269
100374269,41.866187,-87.646892,1304007851.0,100374155,100374382
100374382,41.865971,-87.64689,1304007854.0,100374269,100374992
100374992,41.865792,-87.646925,1304007871.0,100374382,100375158
100375158,41.865613,-87.646882,1304007879.0,100374992,100375383
100375383,41.865428,-87.646856,1304007887.0,100375158,100375473
100375473,41.865241,-87.64684,1304007890.0,100375383,100375578
100375578,41.865005,-87.646835,1304007893.0,100375473,100376054
100376054,41.864823,-87.646828,1304007906.0,100375578,100376227
100376227,41.864822,-87.646496,1304007911.0,100376054,100376334
100376334,41.86482,-87.646225,1304007914.0,100376227,100377192
100377192,41.864797,-87.645985,1304007938.0,100376334,None
