59953741,41.871259,-87.673175,1302731322.0,None,59953812
59953812,41.871412,-87.672953,1302731326.0,59953741,59953866
59953866,41.871524,-87.672727,1302731329.0,59953812,59953921
59953921,41.871594,-87.67249,1302731332.0,59953866,59953995
59953995,41.871681,-87.672206,1302731336.0,59953921,59954053
59954053,41.871744,-87.671973,1302731339.0,59953995,59954112
59954112,41.871743,-87.671688,1302731342.0,59954053,59954170
59954170,41.871729,-87.671398,1302731345.0,59954112,59954229
59954229,41.87169,-87.671145,1302731348.0,59954170,59954315
59954315,41.871653,-87.670864,1302731352.0,59954229,59954385
59954385,41.871617,-87.670593,1302731356.0,59954315,59954716
59954716,41.871632,-87.670306,1302731371.0,59954385,59954742
59954742,41.871648,-87.670065,1302731375.0,59954716,59954819
59954819,41.87173,-87.669782,1302731379.0,59954742,59954927
59954927,41.871792,-87.669522,1302731385.0,59954819,59955185
59955185,41.871663,-87.669297,1302731396.0,59954927,59955257
59955257,41.871473,-87.669257,1302731399.0,59955185,59955306
59955306,41.871284,-87.669211,1302731401.0,59955257,59955353
59955353,41.871083,-87.669164,1302731403.0,59955306,59955401
59955401,41.870888,-87.669123,1302731405.0,59955353,59955450
59955450,41.870697,-87.669087,1302731407.0,59955401,59955501
59955501,41.870501,-87.669054,1302731409.0,59955450,59955550
59955550,41.870297,-87.669032,1302731411.0,59955501,59955592
59955592,41.870088,-87.669021,1302731413.0,59955550,59955637
59955637,41.869892,-87.669012,1302731415.0,59955592,59955712
59955712,41.869642,-87.668992,1302731418.0,59955637,59955823
59955823,41.869438,-87.668949,1302731422.0,59955712,59956186
59956186,41.869229,-87.668869,1302731436.0,59955823,59956267
59956267,41.869024,-87.668838,1302731439.0,59956186,59956341
59956341,41.868755,-87.668822,1302731442.0,59956267,59956396
59956396,41.868562,-87.668827,1302731444.0,59956341,59956453
59956453,41.868354,-87.668832,1302731446.0,59956396,59956512
59956512,41.868129,-87.668833,1302731448.0,59956453,59956570
59956570,41.867906,-87.668829,1302731450.0,59956512,59956629
59956629,41.867691,-87.668824,1302731452.0,59956570,59956682
59956682,41.867482,-87.668823,1302731454.0,59956629,59956735
59956735,41.867283,-87.668823,1302731456.0,59956682,59956817
59956817,41.867035,-87.668832,1302731459.0,59956735,59956903
59956903,41.866856,-87.668792,1302731462.0,59956817,59957018
59957018,41.866773,-87.668522,1302731466.0,59956903,59957105
59957105,41.866736,-87.668238,1302731469.0,59957018,59957178
59957178,41.866755,-87.667938,1302731472.0,59957105,59957246
59957246,41.866782,-87.66765,1302731475.0,59957178,59957262
59957262,41.866794,-87.66738,1302731479.0,59957246,59957347
59957347,41.866817,-87.667111,1302731491.0,59957262,59957374
59957374,41.866821,-87.666862,1302731494.0,59957347,59957404
59957404,41.866828,-87.666533,1302731497.0,59957374,59957424
59957424,41.86683,-87.666283,1302731499.0,59957404,59957446
59957446,41.866831,-87.666022,1302731501.0,59957424,59957468
59957468,41.866835,-87.665739,1302731503.0,59957446,59957491
59957491,41.86684,-87.665445,1302731505.0,59957468,59957515
59957515,41.866845,-87.665145,1302731507.0,59957491,59957539
59957539,41.866849,-87.664844,1302731509.0,59957515,59957564
59957564,41.866853,-87.664547,1302731511.0,59957539,59957590
59957590,41.866856,-87.664262,1302731513.0,59957564,59957616
59957616,41.86686,-87.66399,1302731515.0,59957590,59957643
59957643,41.866866,-87.663707,1302731517.0,59957616,59957671
59957671,41.86687,-87.663413,1302731519.0,59957643,59957699
59957699,41.866873,-87.663159,1302731521.0,59957671,59957742
59957742,41.866877,-87.662882,1302731524.0,59957699,59957788
59957788,41.866867,-87.662617,1302731528.0,59957742,59957848
59957848,41.86688,-87.66237,1302731539.0,59957788,59957872
59957872,41.866901,-87.662129,1302731542.0,59957848,59957898
59957898,41.866914,-87.661785,1302731545.0,59957872,59957916
59957916,41.866917,-87.661515,1302731547.0,59957898,59957936
59957936,41.86692,-87.661223,1302731549.0,59957916,59957956
59957956,41.866922,-87.660924,1302731551.0,59957936,59957977
59957977,41.866923,-87.660623,1302731553.0,59957956,59957999
59957999,41.866922,-87.660333,1302731555.0,59957977,59958021
59958021,41.866926,-87.660059,1302731557.0,59957999,59958045
59958045,41.86693,-87.659796,1302731559.0,59958021,59958069
59958069,41.866937,-87.659543,1302731561.0,59958045,59958093
59958093,41.866942,-87.659274,1302731563.0,59958069,59958119
59958119,41.866943,-87.658992,1302731565.0,59958093,59958145
59958145,41.866944,-87.658732,1302731567.0,59958119,59958185
59958185,41.866947,-87.658388,1302731570.0,59958145,59958227
59958227,41.866951,-87.658058,1302731573.0,59958185,59958269
59958269,41.866954,-87.657697,1302731576.0,59958227,59958299
59958299,41.86696,-87.657424,1302731578.0,59958269,59958329
59958329,41.866965,-87.657151,1302731580.0,59958299,59958358
59958358,41.866973,-87.656877,1302731582.0,59958329,59958389
59958389,41.86698,-87.656584,1302731584.0,59958358,59958421
59958421,41.866989,-87.656269,1302731586.0,59958389,59958454
59958454,41.866994,-87.655946,1302731588.0,59958421,59958485
59958485,41.867001,-87.655625,1302731590.0,59958454,59958518
59958518,41.867005,-87.655297,1302731592.0,59958485,59958552
59958552,41.867015,-87.654962,1302731594.0,59958518,59958586
59958586,41.867024,-87.654623,1302731596.0,59958552,59958620
59958620,41.867028,-87.654281,1302731598.0,59958586,59958655
59958655,41.867033,-87.653955,1302731600.0,59958620,59958691
59958691,41.867037,-87.653626,1302731602.0,59958655,59958727
59958727,41.867043,-87.653293,1302731604.0,59958691,59958762
59958762,41.867047,-87.652972,1302731606.0,59958727,59958797
59958797,41.867051,-87.652674,1302731608.0,59958762,59958833
59958833,41.867055,-87.6524,1302731610.0,59958797,59958891
59958891,41.86706,-87.652063,1302731613.0,59958833,59958946
59958946,41.867067,-87.651821,1302731616.0,59958891,59959066
59959066,41.867092,-87.651546,1302731622.0,59958946,59959164
59959164,41.867087,-87.651266,1302731627.0,59959066,59959336
59959336,41.867193,-87.651015,1302731639.0,59959164,59959358
59959358,41.867378,-87.650978,1302731643.0,59959336,59959378
59959378,41.8676,-87.650976,1302731646.0,59959358,59959393
59959393,41.86779,-87.650973,1302731648.0,59959378,59959409
59959409,41.868009,-87.650977,1302731650.0,59959393,59959426
59959426,41.868247,-87.650983,1302731652.0,59959409,59959444
59959444,41.868472,-87.650991,1302731654.0,59959426,59959463
59959463,41.86868,-87.651006,1302731656.0,59959444,59959493
59959493,41.868931,-87.651019,1302731659.0,59959463,59959525
59959525,41.869112,-87.651033,1302731662.0,59959493,59959821
59959821,41.869321,-87.651075,1302731685.0,59959525,59959896
59959896,41.869485,-87.650932,1302731690.0,59959821,59959959
59959959,41.869481,-87.650596,1302731694.0,59959896,59960006
59960006,41.869484,-87.650224,1302731697.0,59959959,59960038
59960038,41.869487,-87.649932,1302731699.0,59960006,59960072
59960072,41.869493,-87.649634,1302731701.0,59960038,59960105
59960105,41.869497,-87.649365,1302731703.0,59960072,59960156
59960156,41.86949,-87.649044,1302731706.0,59960105,59960244
59960244,41.86949,-87.648782,1302731711.0,59960156,59960739
59960739,41.869516,-87.648509,1302731737.0,59960244,59961167
59961167,41.869547,-87.648193,1302731757.0,59960739,59961234
59961234,41.869555,-87.647923,1302731760.0,59961167,59961304
59961304,41.869546,-87.647641,1302731764.0,59961234,None
