53114041,41.874237,-87.656437,1303831645.0,None,53114144
53114144,41.874242,-87.656124,1303831648.0,53114041,53114216
53114216,41.874247,-87.655859,1303831650.0,53114144,53114290
53114290,41.874255,-87.65556,1303831652.0,53114216,53114358
53114358,41.874263,-87.655242,1303831654.0,53114290,53114424
53114424,41.874268,-87.654912,1303831656.0,53114358,53114489
53114489,41.874271,-87.654579,1303831658.0,53114424,53114558
53114558,41.874271,-87.654244,1303831660.0,53114489,53114630
53114630,41.874256,-87.653923,1303831662.0,53114558,53114702
53114702,41.87426,-87.65361,1303831664.0,53114630,53114776
53114776,41.874266,-87.653311,1303831666.0,53114702,53114841
53114841,41.874275,-87.653033,1303831668.0,53114776,53114908
53114908,41.874278,-87.652782,1303831670.0,53114841,53115005
53115005,41.874276,-87.652466,1303831673.0,53114908,53115097
53115097,41.874273,-87.652205,1303831676.0,53115005,53115577
53115577,41.874283,-87.651905,1303831690.0,53115097,53115671
53115671,41.874285,-87.65161,1303831693.0,53115577,53115741
53115741,41.874291,-87.651363,1303831695.0,53115671,53115808
53115808,41.874294,-87.651098,1303831697.0,53115741,53115881
53115881,41.874298,-87.650831,1303831699.0,53115808,53115953
53115953,41.874306,-87.650578,1303831701.0,53115881,53116063
53116063,41.874308,-87.650227,1303831704.0,53115953,53116163
53116163,41.874317,-87.649938,1303831707.0,53116063,53116258
53116258,41.874326,-87.649664,1303831710.0,53116163,53116359
53116359,41.87433,-87.649368,1303831713.0,53116258,53116461
53116461,41.87433,-87.649027,1303831716.0,53116359,53116529
53116529,41.874332,-87.648761,1303831718.0,53116461,53116595
53116595,41.874337,-87.648473,1303831720.0,53116529,53116668
53116668,41.874322,-87.648167,1303831722.0,53116595,53116736
53116736,41.874299,-87.647869,1303831724.0,53116668,53116807
53116807,41.874278,-87.647612,1303831726.0,53116736,53116911
53116911,41.874223,-87.647327,1303831729.0,53116807,53117043
53117043,41.874014,-87.647184,1303831733.0,53116911,53117136
53117136,41.873784,-87.64719,1303831736.0,53117043,53117205
53117205,41.873593,-87.647194,1303831738.0,53117136,53117273
53117273,41.873374,-87.6472,1303831740.0,53117205,53117342
53117342,41.873145,-87.647192,1303831742.0,53117273,53117412
53117412,41.872924,-87.647185,1303831744.0,53117342,53117480
53117480,41.872713,-87.647183,1303831746.0,53117412,53117551
53117551,41.872509,-87.647176,1303831748.0,53117480,53117627
53117627,41.872329,-87.647173,1303831750.0,53117551,53117726
53117726,41.872096,-87.647167,1303831753.0,53117627,53117826
53117826,41.871864,-87.647159,1303831756.0,53117726,53117926
53117926,41.871597,-87.647145,1303831759.0,53117826,53117992
53117992,41.8714,-87.647133,1303831761.0,53117926,53118062
53118062,41.871178,-87.64712,1303831763.0,53117992,53118136
53118136,41.870945,-87.647107,1303831765.0,53118062,53118209
53118209,41.870709,-87.647099,1303831767.0,53118136,53118278
53118278,41.870485,-87.647086,1303831769.0,53118209,53118349
53118349,41.87027,-87.64705,1303831771.0,53118278,53118420
53118420,41.870076,-87.64703,1303831773.0,53118349,53118527
53118527,41.869855,-87.647021,1303831776.0,53118420,53119151
53119151,41.869671,-87.646979,1303831797.0,53118527,53119266
53119266,41.869516,-87.646816,1303831801.0,53119151,53119352
53119352,41.869501,-87.646544,1303831804.0,53119266,53119454
53119454,41.869532,-87.646204,1303831807.0,53119352,53119526
53119526,41.869547,-87.645929,1303831809.0,53119454,53119593
53119593,41.869569,-87.645635,1303831811.0,53119526,53119655
53119655,41.869602,-87.645336,1303831813.0,53119593,53119708
53119708,41.869628,-87.645049,1303831815.0,53119655,53119770
53119770,41.869641,-87.644763,1303831817.0,53119708,53119834
53119834,41.869652,-87.644475,1303831819.0,53119770,53119896
53119896,41.869663,-87.644194,1303831821.0,53119834,53119960
53119960,41.869674,-87.643924,1303831823.0,53119896,53120023
53120023,41.869682,-87.643651,1303831825.0,53119960,53120086
53120086,41.869687,-87.643369,1303831827.0,53120023,53120149
53120149,41.869688,-87.64308,1303831829.0,53120086,53120214
53120214,41.869694,-87.642803,1303831831.0,53120149,53120314
53120314,41.869705,-87.642483,1303831834.0,53120214,53120440
53120440,41.869805,-87.642267,1303831838.0,53120314,53120568
53120568,41.870039,-87.642233,1303831842.0,53120440,53120646
53120646,41.870305,-87.642239,1303831845.0,53120568,53120713
53120713,41.870514,-87.642241,1303831847.0,53120646,53120778
53120778,41.870747,-87.642244,1303831849.0,53120713,53120846
53120846,41.870993,-87.642237,1303831851.0,53120778,53120917
53120917,41.871228,-87.642238,1303831853.0,53120846,53120978
53120978,41.871438,-87.642245,1303831855.0,53120917,53121076
53121076,41.871691,-87.642256,1303831858.0,53120978,53121197
53121197,41.871873,-87.64225,1303831862.0,53121076,53121425
53121425,41.871999,-87.642005,1303831869.0,53121197,53121524
53121524,41.871981,-87.641719,1303831872.0,53121425,53121616
53121616,41.871973,-87.641365,1303831875.0,53121524,53121706
53121706,41.871968,-87.641104,1303831878.0,53121616,53122053
53122053,41.871831,-87.640897,1303831889.0,53121706,53122181
53122181,41.871611,-87.640908,1303831893.0,53122053,53122383
53122383,41.87139,-87.640906,1303831906.0,53122181,53122403
53122403,41.871165,-87.640884,1303831909.0,53122383,53122418
53122418,41.870968,-87.640874,1303831911.0,53122403,53122434
53122434,41.870755,-87.640862,1303831913.0,53122418,53122451
53122451,41.870532,-87.640842,1303831915.0,53122434,53122467
53122467,41.870329,-87.640835,1303831917.0,53122451,53122496
53122496,41.870125,-87.640826,1303831920.0,53122467,53122548
53122548,41.869928,-87.640863,1303831925.0,53122496,53122666
53122666,41.869751,-87.640919,1303831935.0,53122548,53122718
53122718,41.869729,-87.641237,1303831939.0,53122666,53122759
53122759,41.869726,-87.641575,1303831942.0,53122718,53122801
53122801,41.869715,-87.641885,1303831945.0,53122759,53122844
53122844,41.869715,-87.64217,1303831948.0,53122801,53122889
53122889,41.869712,-87.642515,1303831951.0,53122844,53122913
53122913,41.869706,-87.642774,1303831953.0,53122889,53122944
53122944,41.869705,-87.643022,1303831955.0,53122913,53122978
53122978,41.869705,-87.643305,1303831958.0,53122944,None
