63538433,41.86712,-87.652096,1303860655.0,None,63538442
63538442,41.867104,-87.65243,1303860657.0,63538433,63538459
63538459,41.867089,-87.652754,1303860659.0,63538442,63538485
63538485,41.867079,-87.653061,1303860661.0,63538459,63538502
63538502,41.867069,-87.653369,1303860663.0,63538485,63538523
63538523,41.86706,-87.653691,1303860665.0,63538502,63538550
63538550,41.867059,-87.654034,1303860667.0,63538523,63538575
63538575,41.86705,-87.654387,1303860669.0,63538550,63538605
63538605,41.867036,-87.654738,1303860671.0,63538575,63538639
63538639,41.867027,-87.655076,1303860673.0,63538605,63538667
63538667,41.86702,-87.655403,1303860675.0,63538639,63538706
63538706,41.86701,-87.655708,1303860677.0,63538667,63538746
63538746,41.866995,-87.65596,1303860679.0,63538706,63538806
63538806,41.866977,-87.656226,1303860682.0,63538746,63538973
63538973,41.866994,-87.656474,1303860690.0,63538806,63539676
63539676,41.867032,-87.65678,1303860718.0,63538973,63539757
63539757,41.867036,-87.65712,1303860721.0,63539676,63539814
63539814,41.867035,-87.657394,1303860723.0,63539757,63539858
63539858,41.867032,-87.657687,1303860725.0,63539814,63539919
63539919,41.867031,-87.657984,1303860727.0,63539858,63539973
63539973,41.867027,-87.658284,1303860729.0,63539919,63540011
63540011,41.86702,-87.658584,1303860731.0,63539973,63540064
63540064,41.867013,-87.65888,1303860733.0,63540011,63540119
63540119,41.867008,-87.659171,1303860735.0,63540064,63540177
63540177,41.867003,-87.659467,1303860737.0,63540119,63540233
63540233,41.866998,-87.659767,1303860739.0,63540177,63540293
63540293,41.866994,-87.660068,1303860741.0,63540233,63540353
63540353,41.866991,-87.660356,1303860743.0,63540293,63540410
63540410,41.866993,-87.660634,1303860745.0,63540353,63540462
63540462,41.866995,-87.660918,1303860747.0,63540410,63540515
63540515,41.866992,-87.661213,1303860749.0,63540462,63540570
63540570,41.866987,-87.661514,1303860751.0,63540515,63540630
63540630,41.866982,-87.661821,1303860753.0,63540570,63540694
63540694,41.866978,-87.662134,1303860755.0,63540630,63540752
63540752,41.866968,-87.662456,1303860757.0,63540694,63540812
63540812,41.86696,-87.662779,1303860759.0,63540752,63540874
63540874,41.866958,-87.663088,1303860761.0,63540812,63540928
63540928,41.866955,-87.663387,1303860763.0,63540874,63540984
63540984,41.866944,-87.663681,1303860765.0,63540928,63541038
63541038,41.86694,-87.663968,1303860767.0,63540984,63541095
63541095,41.866933,-87.664252,1303860769.0,63541038,63541157
63541157,41.866928,-87.664534,1303860771.0,63541095,63541225
63541225,41.866923,-87.664808,1303860773.0,63541157,63541286
63541286,41.866919,-87.66507,1303860775.0,63541225,63541376
63541376,41.866914,-87.665411,1303860778.0,63541286,63541463
63541463,41.866914,-87.665664,1303860781.0,63541376,63541703
63541703,41.866927,-87.665932,1303860793.0,63541463,63541725
63541725,41.866944,-87.666201,1303860797.0,63541703,63541745
63541745,41.866952,-87.666547,1303860800.0,63541725,63541760
63541760,41.866954,-87.666828,1303860802.0,63541745,63541776
63541776,41.866957,-87.667137,1303860804.0,63541760,63541793
63541793,41.86695,-87.667452,1303860806.0,63541776,63541811
63541811,41.866935,-87.667758,1303860808.0,63541793,63541830
63541830,41.866933,-87.668052,1303860810.0,63541811,63541850
63541850,41.866928,-87.668309,1303860812.0,63541830,63541881
63541881,41.866926,-87.668577,1303860815.0,63541850,63542131
63542131,41.866952,-87.668821,1303860835.0,63541881,63542215
63542215,41.867146,-87.668951,1303860841.0,63542131,63542254
63542254,41.867377,-87.668931,1303860844.0,63542215,63542259
63542259,41.867564,-87.668929,1303860846.0,63542254,63542267
63542267,41.86777,-87.66893,1303860848.0,63542259,63542277
63542277,41.867981,-87.668934,1303860850.0,63542267,63542289
63542289,41.868188,-87.668942,1303860852.0,63542277,63542302
63542302,41.868377,-87.668944,1303860854.0,63542289,63542324
63542324,41.86863,-87.668958,1303860857.0,63542302,63542348
63542348,41.868858,-87.668964,1303860860.0,63542324,63542384
63542384,41.869069,-87.668965,1303860864.0,63542348,63542489
63542489,41.869245,-87.669111,1303860874.0,63542384,63542537
63542537,41.86927,-87.6694,1303860878.0,63542489,63542587
63542587,41.869357,-87.669612,1303860882.0,63542537,63542626
63542626,41.869386,-87.669884,1303860885.0,63542587,63542667
63542667,41.869392,-87.670201,1303860888.0,63542626,63542709
63542709,41.869399,-87.670542,1303860891.0,63542667,63542752
63542752,41.869409,-87.670834,1303860894.0,63542709,63542808
63542808,41.869405,-87.671095,1303860898.0,63542752,63542901
63542901,41.869402,-87.671353,1303860904.0,63542808,63543000
63543000,41.869507,-87.671609,1303860910.0,63542901,63543033
63543033,41.869519,-87.671851,1303860912.0,63543000,63543068
63543068,41.869496,-87.672138,1303860914.0,63543033,63543102
63543102,41.869475,-87.672405,1303860916.0,63543068,63543136
63543136,41.869458,-87.672648,1303860918.0,63543102,63543189
63543189,41.869446,-87.672951,1303860921.0,63543136,63543281
63543281,41.869426,-87.673196,1303860927.0,63543189,63543576
63543576,41.86939,-87.673508,1303860942.0,63543281,63543630
63543630,41.869361,-87.673815,1303860945.0,63543576,63543693
63543693,41.869332,-87.674089,1303860948.0,63543630,63543757
63543757,41.869316,-87.674344,1303860951.0,63543693,63543801
63543801,41.869294,-87.674585,1303860953.0,63543757,63543831
63543831,41.869272,-87.674857,1303860955.0,63543801,63543872
63543872,41.869253,-87.675117,1303860957.0,63543831,63543917
63543917,41.86924,-87.675462,1303860960.0,63543872,63543986
63543986,41.869254,-87.675703,1303860963.0,63543917,63544416
63544416,41.86923,-87.675957,1303860986.0,63543986,63544540
63544540,41.869215,-87.676269,1303860992.0,63544416,63544644
63544644,41.86923,-87.67654,1303860996.0,63544540,63544735
63544735,41.869274,-87.676861,1303861000.0,63544644,63544776
63544776,41.869267,-87.677119,1303861002.0,63544735,63544821
63544821,41.869253,-87.677398,1303861004.0,63544776,63544868
63544868,41.869241,-87.677684,1303861006.0,63544821,63544911
63544911,41.869229,-87.677974,1303861008.0,63544868,63544970
63544970,41.869219,-87.678264,1303861010.0,63544911,63545021
63545021,41.869211,-87.678556,1303861012.0,63544970,63545068
63545068,41.869204,-87.678848,1303861014.0,63545021,63545117
63545117,41.869198,-87.679133,1303861016.0,63545068,63545164
63545164,41.86919,-87.679408,1303861018.0,63545117,63545213
63545213,41.869182,-87.679663,1303861020.0,63545164,63545294
63545294,41.869173,-87.680007,1303861023.0,63545213,63545375
63545375,41.869164,-87.680296,1303861026.0,63545294,63545474
63545474,41.869155,-87.680542,1303861030.0,63545375,63545684
63545684,41.869171,-87.681293,1303861045.0,63545474,63545765
63545765,41.869152,-87.681642,1303861048.0,63545684,63545821
63545821,41.869143,-87.681889,1303861050.0,63545765,63545878
63545878,41.869135,-87.682142,1303861052.0,63545821,63545932
63545932,41.869128,-87.682401,1303861054.0,63545878,63545987
63545987,41.869122,-87.682648,1303861056.0,63545932,63546074
63546074,41.869105,-87.682978,1303861059.0,63545987,63546163
63546163,41.869098,-87.683237,1303861062.0,63546074,63546798
63546798,41.86909,-87.683479,1303861084.0,63546163,63546978
63546978,41.869095,-87.683753,1303861090.0,63546798,63547100
63547100,41.869104,-87.684076,1303861094.0,63546978,63547185
63547185,41.869105,-87.684344,1303861097.0,63547100,63547303
63547303,41.869095,-87.684643,1303861101.0,63547185,63547519
63547519,41.8691,-87.6849,1303861108.0,63547303,63547644
63547644,41.869122,-87.685222,1303861112.0,63547519,63547735
63547735,41.869115,-87.68554,1303861115.0,63547644,63547828
63547828,41.869106,-87.685821,1303861118.0,63547735,63547964
63547964,41.869172,-87.686068,1303861123.0,63547828,63548361
63548361,41.869363,-87.686054,1303861135.0,63547964,63548455
63548455,41.869545,-87.686049,1303861138.0,63548361,63548547
63548547,41.869779,-87.686052,1303861141.0,63548455,63548647
63548647,41.87001,-87.686063,1303861144.0,63548547,63548739
63548739,41.870222,-87.686077,1303861147.0,63548647,63548836
63548836,41.870424,-87.686087,1303861150.0,63548739,63548943
63548943,41.870629,-87.686093,1303861153.0,63548836,63549045
63549045,41.870846,-87.686093,1303861156.0,63548943,63549145
63549145,41.871072,-87.6861,1303861159.0,63549045,63549243
63549243,41.871316,-87.686105,1303861162.0,63549145,63549333
63549333,41.871566,-87.686107,1303861165.0,63549243,63549431
63549431,41.871822,-87.686113,1303861168.0,63549333,63549536
63549536,41.872084,-87.686119,1303861171.0,63549431,63549648
63549648,41.872323,-87.686117,1303861174.0,63549536,63549757
63549757,41.872554,-87.686122,1303861177.0,63549648,63549832
63549832,41.872788,-87.68613,1303861180.0,63549757,63549887
63549887,41.873031,-87.686138,1303861183.0,63549832,63549898
63549898,41.873257,-87.686143,1303861186.0,63549887,63549914
63549914,41.873438,-87.686147,1303861189.0,63549898,63549963
63549963,41.873624,-87.686129,1303861196.0,63549914,63550035
63550035,41.873806,-87.686123,1303861204.0,63549963,None
