110609903,41.869269,-87.670275,1303246847.0,None,110610016
110610016,41.869213,-87.670547,1303246855.0,110609903,110610076
110610076,41.869225,-87.670856,1303246859.0,110610016,110610138
110610138,41.869225,-87.671099,1303246863.0,110610076,110610335
110610335,41.869236,-87.671343,1303246875.0,110610138,110610565
110610565,41.869412,-87.671477,1303246889.0,110610335,110610644
110610644,41.869591,-87.671521,1303246893.0,110610565,110610703
110610703,41.869857,-87.671541,1303246896.0,110610644,110610739
110610739,41.87004,-87.671532,1303246898.0,110610703,110610798
110610798,41.870233,-87.67153,1303246901.0,110610739,110611070
110611070,41.870459,-87.671519,1303246914.0,110610798,110611133
110611133,41.870675,-87.671508,1303246917.0,110611070,110611173
110611173,41.870863,-87.671499,1303246919.0,110611133,110611216
110611216,41.871056,-87.671488,1303246921.0,110611173,110611285
110611285,41.871277,-87.671499,1303246924.0,110611216,110611778
110611778,41.871484,-87.671488,1303246946.0,110611285,110611843
110611843,41.871701,-87.67151,1303246949.0,110611778,110611888
110611888,41.871897,-87.671516,1303246951.0,110611843,110611938
110611938,41.872127,-87.671525,1303246953.0,110611888,110611989
110611989,41.872383,-87.671534,1303246955.0,110611938,110612037
110612037,41.872662,-87.671547,1303246957.0,110611989,110612083
110612083,41.872942,-87.671559,1303246959.0,110612037,110612129
110612129,41.873199,-87.671558,1303246961.0,110612083,110612183
110612183,41.873415,-87.671535,1303246963.0,110612129,110612263
110612263,41.873639,-87.671491,1303246966.0,110612183,110612364
110612364,41.873843,-87.671497,1303246970.0,110612263,110612464
110612464,41.874034,-87.671489,1303246974.0,110612364,110612592
110612592,41.874129,-87.671259,1303246979.0,110612464,110612668
110612668,41.874144,-87.670992,1303246982.0,110612592,110612751
110612751,41.874142,-87.670661,1303246985.0,110612668,110612831
110612831,41.874142,-87.670327,1303246988.0,110612751,110612914
110612914,41.874131,-87.669976,1303246991.0,110612831,110612987
110612987,41.87407,-87.669693,1303246994.0,110612914,110613067
110613067,41.874079,-87.669445,1303246997.0,110612987,110613152
110613152,41.874148,-87.669133,1303247000.0,110613067,110613210
110613210,41.874179,-87.668892,1303247002.0,110613152,110613267
110613267,41.874194,-87.668622,1303247004.0,110613210,110613321
110613321,41.874201,-87.668354,1303247006.0,110613267,110613373
110613373,41.874222,-87.6681,1303247008.0,110613321,110613453
110613453,41.874216,-87.66781,1303247011.0,110613373,110613560
110613560,41.874185,-87.667534,1303247015.0,110613453,110614264
110614264,41.874061,-87.667347,1303247040.0,110613560,110614435
110614435,41.874082,-87.667049,1303247046.0,110614264,110614520
110614520,41.874094,-87.66674,1303247049.0,110614435,110614582
110614582,41.874102,-87.66648,1303247051.0,110614520,110614644
110614644,41.874118,-87.66618,1303247053.0,110614582,110614706
110614706,41.874135,-87.665846,1303247055.0,110614644,110614772
110614772,41.874143,-87.665495,1303247057.0,110614706,110614832
110614832,41.87414,-87.665108,1303247059.0,110614772,110614891
110614891,41.874125,-87.66471,1303247061.0,110614832,110614949
110614949,41.874115,-87.664316,1303247063.0,110614891,110615011
110615011,41.874105,-87.663932,1303247065.0,110614949,110615074
110615074,41.874099,-87.663559,1303247067.0,110615011,110615137
110615137,41.87409,-87.663199,1303247069.0,110615074,110615199
110615199,41.874086,-87.662851,1303247071.0,110615137,110615259
110615259,41.874086,-87.6625,1303247073.0,110615199,110615318
110615318,41.874089,-87.662141,1303247075.0,110615259,110615381
110615381,41.874095,-87.661762,1303247077.0,110615318,110615442
110615442,41.874105,-87.661366,1303247079.0,110615381,110615512
110615512,41.874113,-87.660954,1303247081.0,110615442,110615583
110615583,41.87412,-87.660529,1303247083.0,110615512,110615653
110615653,41.874126,-87.660107,1303247085.0,110615583,110615716
110615716,41.874133,-87.65969,1303247087.0,110615653,110615778
110615778,41.874142,-87.65926,1303247089.0,110615716,110615835
110615835,41.874155,-87.658819,1303247091.0,110615778,110615891
110615891,41.87416,-87.658375,1303247093.0,110615835,110615952
110615952,41.874164,-87.657947,1303247095.0,110615891,110616020
110616020,41.874165,-87.657578,1303247097.0,110615952,110616085
110616085,41.874166,-87.657265,1303247099.0,110616020,110616158
110616158,41.874169,-87.656958,1303247101.0,110616085,110616232
110616232,41.874174,-87.656636,1303247103.0,110616158,110616300
110616300,41.874183,-87.656108,1303247106.0,110616232,110616355
110616355,41.87419,-87.655728,1303247108.0,110616300,110616415
110616415,41.874199,-87.655327,1303247110.0,110616355,110616480
110616480,41.874208,-87.654905,1303247112.0,110616415,110616552
110616552,41.874218,-87.654469,1303247114.0,110616480,110616619
110616619,41.874228,-87.654023,1303247116.0,110616552,110616689
110616689,41.874239,-87.653592,1303247118.0,110616619,110616755
110616755,41.87425,-87.653186,1303247120.0,110616689,110616823
110616823,41.874258,-87.652809,1303247122.0,110616755,110616888
110616888,41.874265,-87.652454,1303247124.0,110616823,110616952
110616952,41.874267,-87.652116,1303247126.0,110616888,110617023
110617023,41.874271,-87.651795,1303247128.0,110616952,110617090
110617090,41.874276,-87.651493,1303247130.0,110617023,110617160
110617160,41.874281,-87.651205,1303247132.0,110617090,110617233
110617233,41.874287,-87.650917,1303247134.0,110617160,110617299
110617299,41.874293,-87.650617,1303247136.0,110617233,110617367
110617367,41.874297,-87.650316,1303247138.0,110617299,110617433
110617433,41.874305,-87.65003,1303247140.0,110617367,110617502
110617502,41.87431,-87.649763,1303247142.0,110617433,110617601
110617601,41.874307,-87.649424,1303247145.0,110617502,110617705
110617705,41.874309,-87.649155,1303247148.0,110617601,110617776
110617776,41.874314,-87.64888,1303247151.0,110617705,110617805
110617805,41.874319,-87.648533,1303247154.0,110617776,110617874
110617874,41.874314,-87.648265,1303247156.0,110617805,110617930
110617930,41.874298,-87.647999,1303247158.0,110617874,110618018
110618018,41.874265,-87.64766,1303247161.0,110617930,110618139
110618139,41.874236,-87.647417,1303247165.0,110618018,110618370
110618370,41.87412,-87.647167,1303247173.0,110618139,110618467
110618467,41.873908,-87.647142,1303247176.0,110618370,110618534
110618534,41.873714,-87.647156,1303247178.0,110618467,110618606
110618606,41.87349,-87.647169,1303247180.0,110618534,110618686
110618686,41.87325,-87.647175,1303247182.0,110618606,110618762
110618762,41.873008,-87.647179,1303247184.0,110618686,110618829
110618829,41.872776,-87.647174,1303247186.0,110618762,110618902
110618902,41.872558,-87.647161,1303247188.0,110618829,110618975
110618975,41.872361,-87.647152,1303247190.0,110618902,110619078
110619078,41.872142,-87.647136,1303247193.0,110618975,None
