71175858,41.871504,-87.670255,1302809472.0,None,71175867
71175867,41.871504,-87.669998,1302809475.0,71175858,71175881
71175881,41.871522,-87.669755,1302809478.0,71175867,71175899
71175899,41.871579,-87.669504,1302809481.0,71175881,71175926
71175926,41.871584,-87.669239,1302809485.0,71175899,71176069
71176069,41.871447,-87.669063,1302809500.0,71175926,71176115
71176115,41.871265,-87.669054,1302809504.0,71176069,71176151
71176151,41.871046,-87.66904,1302809507.0,71176115,71176189
71176189,41.870797,-87.669026,1302809510.0,71176151,71176228
71176228,41.870536,-87.669013,1302809513.0,71176189,71176269
71176269,41.870279,-87.669006,1302809516.0,71176228,71176311
71176311,41.87003,-87.669,1302809519.0,71176269,71176354
71176354,41.869784,-87.669,1302809522.0,71176311,71176399
71176399,41.869592,-87.668998,1302809525.0,71176354,71176490
71176490,41.869412,-87.669003,1302809531.0,71176399,71176717
71176717,41.869209,-87.669026,1302809551.0,71176490,71176737
71176737,41.869016,-87.669022,1302809554.0,71176717,71176760
71176760,41.868796,-87.669003,1302809557.0,71176737,71176785
71176785,41.868561,-87.668997,1302809560.0,71176760,71176812
71176812,41.868302,-87.668986,1302809563.0,71176785,71176832
71176832,41.868113,-87.668981,1302809565.0,71176812,71176852
71176852,41.867918,-87.668977,1302809567.0,71176832,71176873
71176873,41.867729,-87.668975,1302809569.0,71176852,71176906
71176906,41.867472,-87.668969,1302809572.0,71176873,71176941
71176941,41.867283,-87.668966,1302809575.0,71176906,71177298
71177298,41.867102,-87.668971,1302809601.0,71176941,71177377
71177377,41.866891,-87.668958,1302809606.0,71177298,71177446
71177446,41.86678,-87.668724,1302809610.0,71177377,71177493
71177493,41.866789,-87.668431,1302809613.0,71177446,71177528
71177528,41.866791,-87.66818,1302809615.0,71177493,71177564
71177564,41.866792,-87.667922,1302809617.0,71177528,71177617
71177617,41.866796,-87.667594,1302809620.0,71177564,71177690
71177690,41.8668,-87.667324,1302809624.0,71177617,71177958
71177958,41.866797,-87.667045,1302809638.0,71177690,71178013
71178013,41.8668,-87.666731,1302809641.0,71177958,71178055
71178055,41.866801,-87.666481,1302809643.0,71178013,71178097
71178097,41.866801,-87.666224,1302809645.0,71178055,71178141
71178141,41.866802,-87.66597,1302809647.0,71178097,71178179
71178179,41.866805,-87.665716,1302809649.0,71178141,71178220
71178220,41.866813,-87.665457,1302809651.0,71178179,71178264
71178264,41.866819,-87.665197,1302809653.0,71178220,71178304
71178304,41.866824,-87.664919,1302809655.0,71178264,71178347
71178347,41.866829,-87.664621,1302809657.0,71178304,71178389
71178389,41.866833,-87.664309,1302809659.0,71178347,71178430
71178430,41.866842,-87.663985,1302809661.0,71178389,71178478
71178478,41.866847,-87.663653,1302809663.0,71178430,71178522
71178522,41.866851,-87.663317,1302809665.0,71178478,71178567
71178567,41.866856,-87.662985,1302809667.0,71178522,71178615
71178615,41.86686,-87.662654,1302809669.0,71178567,71178658
71178658,41.866865,-87.662322,1302809671.0,71178615,71178700
71178700,41.866872,-87.661989,1302809673.0,71178658,71178746
71178746,41.866881,-87.661654,1302809675.0,71178700,71178791
71178791,41.866889,-87.661314,1302809677.0,71178746,71178838
71178838,41.866893,-87.660966,1302809679.0,71178791,71178885
71178885,41.866901,-87.660612,1302809681.0,71178838,71178889
71178889,41.866906,-87.660254,1302809683.0,71178885,71178932
71178932,41.866911,-87.659894,1302809685.0,71178889,71178970
71178970,41.866922,-87.659536,1302809687.0,71178932,71179004
71179004,41.86693,-87.659181,1302809689.0,71178970,71179045
71179045,41.866935,-87.658828,1302809691.0,71179004,71179084
71179084,41.866939,-87.658478,1302809693.0,71179045,71179126
71179126,41.866948,-87.658132,1302809695.0,71179084,71179176
71179176,41.866953,-87.657787,1302809697.0,71179126,71179218
71179218,41.866961,-87.657446,1302809699.0,71179176,71179269
71179269,41.866969,-87.657107,1302809701.0,71179218,71179318
71179318,41.866977,-87.65677,1302809703.0,71179269,71179366
71179366,41.866981,-87.656436,1302809705.0,71179318,71179416
71179416,41.866985,-87.656101,1302809707.0,71179366,71179469
71179469,41.866991,-87.655766,1302809709.0,71179416,71179496
71179496,41.866992,-87.655434,1302809711.0,71179469,71179503
71179503,41.866994,-87.655104,1302809713.0,71179496,71179512
71179512,41.866998,-87.654788,1302809715.0,71179503,71179523
71179523,41.867004,-87.654491,1302809717.0,71179512,71179535
71179535,41.86701,-87.654214,1302809719.0,71179523,71179549
71179549,41.867013,-87.653961,1302809721.0,71179535,71179564
71179564,41.867018,-87.653714,1302809723.0,71179549,71179580
71179580,41.867032,-87.653461,1302809725.0,71179564,71179597
71179597,41.867038,-87.65319,1302809727.0,71179580,71179615
71179615,41.867042,-87.652908,1302809729.0,71179597,71179634
71179634,41.867043,-87.652629,1302809731.0,71179615,71179654
71179654,41.867048,-87.652366,1302809733.0,71179634,71179685
71179685,41.867047,-87.652081,1302809736.0,71179654,71179741
71179741,41.867047,-87.651837,1302809741.0,71179685,71180079
71180079,41.867073,-87.651594,1302809766.0,71179741,71180140
71180140,41.867094,-87.65129,1302809770.0,71180079,71180564
71180564,41.867139,-87.651049,1302809795.0,71180140,71180634
71180634,41.867347,-87.651018,1302809799.0,71180564,71180695
71180695,41.867586,-87.651026,1302809802.0,71180634,71180733
71180733,41.867784,-87.651031,1302809804.0,71180695,71180768
71180768,41.867992,-87.651038,1302809806.0,71180733,71180810
71180810,41.8682,-87.651043,1302809808.0,71180768,71180852
71180852,41.868406,-87.651043,1302809810.0,71180810,71180895
71180895,41.868612,-87.651041,1302809812.0,71180852,71180933
71180933,41.868816,-87.651044,1302809814.0,71180895,71180969
71180969,41.869017,-87.651052,1302809816.0,71180933,71181002
71181002,41.869205,-87.651069,1302809818.0,71180969,71181070
71181070,41.869406,-87.651089,1302809821.0,71181002,71181159
71181159,41.869523,-87.650895,1302809825.0,71181070,71181217
71181217,41.869512,-87.65063,1302809828.0,71181159,71181283
71181283,41.869493,-87.650264,1302809831.0,71181217,71181331
71181331,41.869488,-87.649987,1302809833.0,71181283,71181375
71181375,41.869488,-87.649703,1302809835.0,71181331,71181417
71181417,41.869485,-87.649423,1302809837.0,71181375,71181462
71181462,41.869489,-87.649159,1302809839.0,71181417,71181522
71181522,41.869497,-87.648847,1302809842.0,71181462,71181604
71181604,41.869497,-87.648558,1302809846.0,71181522,71181742
71181742,41.86949,-87.648272,1302809855.0,71181604,71181819
71181819,41.869502,-87.647949,1302809859.0,71181742,71181886
71181886,41.869503,-87.647674,1302809862.0,71181819,71181957
71181957,41.869503,-87.647415,1302809865.0,71181886,71182052
71182052,41.869484,-87.647136,1302809869.0,71181957,71182156
71182156,41.869288,-87.647063,1302809873.0,71182052,71182229
71182229,41.869077,-87.64709,1302809876.0,71182156,71182302
71182302,41.868808,-87.647082,1302809879.0,71182229,71182355
71182355,41.868608,-87.647069,1302809881.0,71182302,71182408
71182408,41.868408,-87.647063,1302809883.0,71182355,71182459
71182459,41.868212,-87.647075,1302809885.0,71182408,71182506
71182506,41.868027,-87.647097,1302809887.0,71182459,71182584
71182584,41.867793,-87.647107,1302809890.0,71182506,71182684
71182684,41.867603,-87.647114,1302809894.0,71182584,None
