51386472,41.867111,-87.653167,1303181487.0,None,51386627
51386627,41.867107,-87.653456,1303181493.0,51386472,51386714
51386714,41.867107,-87.653699,1303181496.0,51386627,51386789
51386789,41.867104,-87.653972,1303181499.0,51386714,51386863
51386863,41.867102,-87.654269,1303181502.0,51386789,51386942
51386942,41.867095,-87.654579,1303181505.0,51386863,51387024
51387024,41.867084,-87.654896,1303181508.0,51386942,51387101
51387101,41.867073,-87.655221,1303181511.0,51387024,51387185
51387185,41.867069,-87.655537,1303181514.0,51387101,51387265
51387265,41.867061,-87.655847,1303181517.0,51387185,51387350
51387350,41.867053,-87.656134,1303181520.0,51387265,51387459
51387459,41.867065,-87.656433,1303181524.0,51387350,51387703
51387703,41.867146,-87.656684,1303181533.0,51387459,51387824
51387824,41.86735,-87.656691,1303181537.0,51387703,51387901
51387901,41.867546,-87.656704,1303181540.0,51387824,51387983
51387983,41.867756,-87.656719,1303181543.0,51387901,51388070
51388070,41.867971,-87.656732,1303181546.0,51387983,51388159
51388159,41.868188,-87.656738,1303181549.0,51388070,51388236
51388236,41.868405,-87.656744,1303181552.0,51388159,51388328
51388328,41.868613,-87.656752,1303181555.0,51388236,51388414
51388414,41.868815,-87.656755,1303181558.0,51388328,51388536
51388536,41.869043,-87.656755,1303181562.0,51388414,51388662
51388662,41.869228,-87.656751,1303181566.0,51388536,51389302
51389302,41.869447,-87.656755,1303181587.0,51388662,51389426
51389426,41.869676,-87.656773,1303181591.0,51389302,51389515
51389515,41.869889,-87.656786,1303181594.0,51389426,51389597
51389597,41.870111,-87.656796,1303181597.0,51389515,51389695
51389695,41.870349,-87.656803,1303181600.0,51389597,51389803
51389803,41.870596,-87.656804,1303181603.0,51389695,51389901
51389901,41.870851,-87.656806,1303181606.0,51389803,51389992
51389992,41.871103,-87.65681,1303181609.0,51389901,51390083
51390083,41.871351,-87.656821,1303181612.0,51389992,51390177
51390177,41.871571,-87.656832,1303181615.0,51390083,51390277
51390277,41.871799,-87.656835,1303181618.0,51390177,51390376
51390376,41.871991,-87.656829,1303181621.0,51390277,51390612
51390612,41.872188,-87.656832,1303181628.0,51390376,51390740
51390740,41.872372,-87.656835,1303181632.0,51390612,51390872
51390872,41.8726,-87.656835,1303181636.0,51390740,51390967
51390967,41.87279,-87.656833,1303181639.0,51390872,51391036
51391036,41.872977,-87.656809,1303181642.0,51390967,51391177
51391177,41.873216,-87.656791,1303181646.0,51391036,51391285
51391285,41.873409,-87.656793,1303181649.0,51391177,51391379
51391379,41.873605,-87.656793,1303181652.0,51391285,51391467
51391467,41.873788,-87.656793,1303181655.0,51391379,51391603
51391603,41.874005,-87.656792,1303181659.0,51391467,51391780
51391780,41.874167,-87.656635,1303181664.0,51391603,51391928
51391928,41.87417,-87.656353,1303181668.0,51391780,51392032
51392032,41.874184,-87.656112,1303181671.0,51391928,51392134
51392134,41.874194,-87.655852,1303181674.0,51392032,51392234
51392234,41.8742,-87.655576,1303181677.0,51392134,51392339
51392339,41.87421,-87.655299,1303181680.0,51392234,51392448
51392448,41.874217,-87.655018,1303181683.0,51392339,51392557
51392557,41.874225,-87.654728,1303181686.0,51392448,51392666
51392666,41.874235,-87.654432,1303181689.0,51392557,51392775
51392775,41.874239,-87.654139,1303181692.0,51392666,51392883
51392883,41.874244,-87.653862,1303181695.0,51392775,51392995
51392995,41.874248,-87.653582,1303181698.0,51392883,51393111
51393111,41.874253,-87.653307,1303181701.0,51392995,51393219
51393219,41.874258,-87.65305,1303181704.0,51393111,51393305
51393305,41.874265,-87.65279,1303181707.0,51393219,51393400
51393400,41.874267,-87.652524,1303181710.0,51393305,51393511
51393511,41.874274,-87.652261,1303181713.0,51393400,51393620
51393620,41.874286,-87.652012,1303181716.0,51393511,51393740
51393740,41.874294,-87.651758,1303181719.0,51393620,51393864
51393864,41.874303,-87.651483,1303181722.0,51393740,51393958
51393958,41.874316,-87.651199,1303181725.0,51393864,51394057
51394057,41.874321,-87.650908,1303181728.0,51393958,51394162
51394162,41.874329,-87.650612,1303181731.0,51394057,51394274
51394274,41.874333,-87.650319,1303181734.0,51394162,51394386
51394386,41.874338,-87.650028,1303181737.0,51394274,51394493
51394493,41.874345,-87.649732,1303181740.0,51394386,51394600
51394600,41.87435,-87.649439,1303181743.0,51394493,51394689
51394689,41.874357,-87.649151,1303181746.0,51394600,51394788
51394788,41.874362,-87.648869,1303181749.0,51394689,51394898
51394898,41.874368,-87.648598,1303181752.0,51394788,51395004
51395004,41.874367,-87.648337,1303181755.0,51394898,51395111
51395111,41.874349,-87.648096,1303181758.0,51395004,51395244
51395244,41.87432,-87.647815,1303181762.0,51395111,51395391
51395391,41.874301,-87.647555,1303181766.0,51395244,51396117
51396117,41.874237,-87.647304,1303181786.0,51395391,51396220
51396220,41.874031,-87.647226,1303181790.0,51396117,51396331
51396331,41.873833,-87.647209,1303181793.0,51396220,51396445
51396445,41.873615,-87.647197,1303181796.0,51396331,51396564
51396564,41.873382,-87.647193,1303181799.0,51396445,51396668
51396668,41.873149,-87.647194,1303181802.0,51396564,51396770
51396770,41.872921,-87.647183,1303181805.0,51396668,51396872
51396872,41.872711,-87.647161,1303181808.0,51396770,51396979
51396979,41.872529,-87.647154,1303181811.0,51396872,51397130
51397130,41.872342,-87.647135,1303181815.0,51396979,51397718
51397718,41.872142,-87.647114,1303181831.0,51397130,51397864
51397864,41.871959,-87.647111,1303181835.0,51397718,51398006
51398006,41.871723,-87.647106,1303181839.0,51397864,51398116
51398116,41.871518,-87.647101,1303181842.0,51398006,51398228
51398228,41.871296,-87.647101,1303181845.0,51398116,51398344
51398344,41.87107,-87.647099,1303181848.0,51398228,51398453
51398453,41.870844,-87.647093,1303181851.0,51398344,51398563
51398563,41.870623,-87.647087,1303181854.0,51398453,51398666
51398666,41.870421,-87.647086,1303181857.0,51398563,51398767
51398767,41.870241,-87.64708,1303181860.0,51398666,51398913
51398913,41.870058,-87.647075,1303181864.0,51398767,None
