22192989,41.869171,-87.680418,1303353476.0,None,22193071
22193071,41.869172,-87.680705,1303353480.0,22192989,22193131
22193131,41.869156,-87.681049,1303353483.0,22193071,22193173
22193173,41.869153,-87.681292,1303353485.0,22193131,22193210
22193210,41.869156,-87.681556,1303353487.0,22193173,22193241
22193241,41.869157,-87.68184,1303353489.0,22193210,22193282
22193282,41.869148,-87.68213,1303353491.0,22193241,22193331
22193331,41.869129,-87.682417,1303353493.0,22193282,22193372
22193372,41.869106,-87.682707,1303353495.0,22193331,22193416
22193416,41.869089,-87.682964,1303353497.0,22193372,22193473
22193473,41.869098,-87.683217,1303353500.0,22193416,22193948
22193948,41.869115,-87.683462,1303353525.0,22193473,22194062
22194062,41.869108,-87.683707,1303353530.0,22193948,22194153
22194153,41.869166,-87.684014,1303353534.0,22194062,22194225
22194225,41.8692,-87.684318,1303353537.0,22194153,22194322
22194322,41.869149,-87.684578,1303353541.0,22194225,22194442
22194442,41.869147,-87.684878,1303353546.0,22194322,22194516
22194516,41.869166,-87.685224,1303353549.0,22194442,22194587
22194587,41.869192,-87.685518,1303353552.0,22194516,22194792
22194792,41.86916,-87.685762,1303353560.0,22194587,22195426
22195426,41.869054,-87.685986,1303353584.0,22194792,22195987
22195987,41.86914,-87.686208,1303353604.0,22195426,22196139
22196139,41.869357,-87.686188,1303353609.0,22195987,22196222
22196222,41.869536,-87.686213,1303353612.0,22196139,22196278
22196278,41.869799,-87.686222,1303353615.0,22196222,22196336
22196336,41.870019,-87.686234,1303353617.0,22196278,22196399
22196399,41.870251,-87.686242,1303353619.0,22196336,22196463
22196463,41.870463,-87.686239,1303353621.0,22196399,22196552
22196552,41.870685,-87.68624,1303353624.0,22196463,22196698
22196698,41.870875,-87.686215,1303353629.0,22196552,22197281
22197281,41.87107,-87.686197,1303353649.0,22196698,22197435
22197435,41.871274,-87.686205,1303353654.0,22197281,22197536
22197536,41.871487,-87.68621,1303353657.0,22197435,22197624
22197624,41.871755,-87.686211,1303353660.0,22197536,22197686
22197686,41.871951,-87.686214,1303353662.0,22197624,22197754
22197754,41.87214,-87.686215,1303353664.0,22197686,22197817
22197817,41.872321,-87.686215,1303353666.0,22197754,22197922
22197922,41.872566,-87.686208,1303353669.0,22197817,22198113
22198113,41.872746,-87.686207,1303353675.0,22197922,22198525
22198525,41.872955,-87.686247,1303353688.0,22198113,22198628
22198628,41.873168,-87.68625,1303353691.0,22198525,22198754
22198754,41.873374,-87.686259,1303353695.0,22198628,22199195
22199195,41.873584,-87.686271,1303353708.0,22198754,22199356
22199356,41.873756,-87.686123,1303353713.0,22199195,22199445
22199445,41.873802,-87.685877,1303353716.0,22199356,22199555
22199555,41.873828,-87.685525,1303353719.0,22199445,22199625
22199625,41.873845,-87.685255,1303353721.0,22199555,22199700
22199700,41.873863,-87.684986,1303353723.0,22199625,22199770
22199770,41.873876,-87.68473,1303353725.0,22199700,22199877
22199877,41.873886,-87.68438,1303353728.0,22199770,22199978
22199978,41.873906,-87.684042,1303353731.0,22199877,22200073
22200073,41.873916,-87.683671,1303353734.0,22199978,22200139
22200139,41.873921,-87.683387,1303353736.0,22200073,22200207
22200207,41.873929,-87.683085,1303353738.0,22200139,22200279
22200279,41.873937,-87.682771,1303353740.0,22200207,22200354
22200354,41.873938,-87.682461,1303353742.0,22200279,22200429
22200429,41.873938,-87.682163,1303353744.0,22200354,22200506
22200506,41.873936,-87.681915,1303353746.0,22200429,22200616
22200616,41.873919,-87.681672,1303353749.0,22200506,22200820
22200820,41.873926,-87.681422,1303353755.0,22200616,22200924
22200924,41.873944,-87.681149,1303353758.0,22200820,22201034
22201034,41.873971,-87.680789,1303353761.0,22200924,22201103
22201103,41.873983,-87.680536,1303353763.0,22201034,22201177
22201177,41.873989,-87.680221,1303353765.0,22201103,22201261
22201261,41.873976,-87.679864,1303353767.0,22201177,22201330
22201330,41.87396,-87.67951,1303353769.0,22201261,22201404
22201404,41.873954,-87.679143,1303353771.0,22201330,22201475
22201475,41.87395,-87.678772,1303353773.0,22201404,22201552
22201552,41.873953,-87.678403,1303353775.0,22201475,22201628
22201628,41.873949,-87.678042,1303353777.0,22201552,22201701
22201701,41.873941,-87.677711,1303353779.0,22201628,22201773
22201773,41.873933,-87.677434,1303353781.0,22201701,22201885
22201885,41.873922,-87.677115,1303353784.0,22201773,22202038
22202038,41.873914,-87.676818,1303353788.0,22201885,22202183
22202183,41.87378,-87.676617,1303353792.0,22202038,22202292
22202292,41.873572,-87.676534,1303353795.0,22202183,22202363
22202363,41.873391,-87.676499,1303353797.0,22202292,22202470
22202470,41.873145,-87.676459,1303353800.0,22202363,22202903
22202903,41.873012,-87.676295,1303353812.0,22202470,22203417
22203417,41.872781,-87.676236,1303353828.0,22202903,22203515
22203515,41.872522,-87.676228,1303353831.0,22203417,22203580
22203580,41.872316,-87.676215,1303353833.0,22203515,22203646
22203646,41.87209,-87.676202,1303353835.0,22203580,22203717
22203717,41.87187,-87.676204,1303353837.0,22203646,22203813
22203813,41.871628,-87.676192,1303353840.0,22203717,22203986
22203986,41.871485,-87.675988,1303353845.0,22203813,22204161
22204161,41.871537,-87.675688,1303353850.0,22203986,22204268
22204268,41.871572,-87.67536,1303353853.0,22204161,22204344
22204344,41.871574,-87.675102,1303353855.0,22204268,22204419
22204419,41.871584,-87.674855,1303353857.0,22204344,22204511
22204511,41.871601,-87.674564,1303353860.0,22204419,22204704
22204704,41.871666,-87.674329,1303353865.0,22204511,22205109
22205109,41.87165,-87.674069,1303353876.0,22204704,22205275
22205275,41.871679,-87.673774,1303353881.0,22205109,22205378
22205378,41.871707,-87.673491,1303353884.0,22205275,22205456
22205456,41.871709,-87.673217,1303353886.0,22205378,22205532
22205532,41.871702,-87.6729,1303353888.0,22205456,22205610
22205610,41.871662,-87.672584,1303353890.0,22205532,22205682
22205682,41.871608,-87.672321,1303353892.0,22205610,22205787
22205787,41.871506,-87.672019,1303353895.0,22205682,22206036
22206036,41.871484,-87.671774,1303353902.0,22205787,22206183
22206183,41.871519,-87.671505,1303353906.0,22206036,22206302
22206302,41.871547,-87.671206,1303353909.0,22206183,22206419
22206419,41.871582,-87.670847,1303353912.0,22206302,22206486
22206486,41.871596,-87.670601,1303353914.0,22206419,22206595
22206595,41.8716,-87.670257,1303353917.0,22206486,22206705
22206705,41.871616,-87.669955,1303353920.0,22206595,22207029
22207029,41.871622,-87.669685,1303353929.0,22206705,22207318
22207318,41.871621,-87.669398,1303353937.0,22207029,22207464
22207464,41.87147,-87.669255,1303353941.0,22207318,22207578
22207578,41.871272,-87.669187,1303353944.0,22207464,22207683
22207683,41.870999,-87.669141,1303353947.0,22207578,22207759
22207759,41.870782,-87.669112,1303353949.0,22207683,22207834
22207834,41.870543,-87.669081,1303353951.0,22207759,22207900
22207900,41.870308,-87.669063,1303353953.0,22207834,22207973
22207973,41.870074,-87.669044,1303353955.0,22207900,22208048
22208048,41.869849,-87.669023,1303353957.0,22207973,22208124
22208124,41.869655,-87.669003,1303353959.0,22208048,22208199
22208199,41.869463,-87.669008,1303353962.0,22208124,22208567
22208567,41.869286,-87.66887,1303353972.0,22208199,22208674
22208674,41.869059,-87.668825,1303353975.0,22208567,22208736
22208736,41.868864,-87.668807,1303353977.0,22208674,22208810
22208810,41.868633,-87.668802,1303353979.0,22208736,22208885
22208885,41.868378,-87.668807,1303353981.0,22208810,22208958
22208958,41.868131,-87.668796,1303353983.0,22208885,22209034
22209034,41.867893,-87.668791,1303353985.0,22208958,22209114
22209114,41.867683,-87.668799,1303353987.0,22209034,22209187
22209187,41.8675,-87.668822,1303353989.0,22209114,22209286
22209286,41.867277,-87.668892,1303353992.0,22209187,22209349
22209349,41.867096,-87.669011,1303353996.0,22209286,22209484
22209484,41.866889,-87.668963,1303354015.0,22209349,22209535
22209535,41.866787,-87.668698,1303354020.0,22209484,22209568
22209568,41.866767,-87.668426,1303354023.0,22209535,22209591
22209591,41.866774,-87.668165,1303354025.0,22209568,22209615
22209615,41.866778,-87.667871,1303354027.0,22209591,22209639
22209639,41.866789,-87.667563,1303354029.0,22209615,22209664
22209664,41.866798,-87.667257,1303354031.0,22209639,22209684
22209684,41.866798,-87.666987,1303354033.0,22209664,22209725
22209725,41.866796,-87.666723,1303354036.0,22209684,22209851
22209851,41.866808,-87.666471,1303354045.0,22209725,22209896
22209896,41.866819,-87.666153,1303354048.0,22209851,22209928
22209928,41.866827,-87.665864,1303354050.0,22209896,22209958
22209958,41.866836,-87.665526,1303354052.0,22209928,22209987
22209987,41.866844,-87.66515,1303354054.0,22209958,22210019
22210019,41.866852,-87.664766,1303354056.0,22209987,22210052
22210052,41.86686,-87.664373,1303354058.0,22210019,22210084
22210084,41.866865,-87.663981,1303354060.0,22210052,22210118
22210118,41.866871,-87.663582,1303354062.0,22210084,22210153
22210153,41.866874,-87.663177,1303354064.0,22210118,22210188
22210188,41.866882,-87.662778,1303354066.0,22210153,22210222
22210222,41.866888,-87.66238,1303354068.0,22210188,22210258
22210258,41.866894,-87.661984,1303354070.0,22210222,22210294
22210294,41.866904,-87.661597,1303354072.0,22210258,22210331
22210331,41.866913,-87.661223,1303354074.0,22210294,22210366
22210366,41.866918,-87.660853,1303354076.0,22210331,22210404
22210404,41.866921,-87.660482,1303354078.0,22210366,22210441
22210441,41.866928,-87.660115,1303354080.0,22210404,22210478
22210478,41.866936,-87.659754,1303354082.0,22210441,22210514
22210514,41.866946,-87.659396,1303354084.0,22210478,22210552
22210552,41.866954,-87.659043,1303354086.0,22210514,22210593
22210593,41.866958,-87.658687,1303354088.0,22210552,22210634
22210634,41.866966,-87.65832,1303354090.0,22210593,22210674
22210674,41.86697,-87.657953,1303354092.0,22210634,22210712
22210712,41.866977,-87.657589,1303354094.0,22210674,22210752
22210752,41.866984,-87.657236,1303354096.0,22210712,22210795
22210795,41.866991,-87.65689,1303354098.0,22210752,22210838
22210838,41.866996,-87.656546,1303354100.0,22210795,22210881
22210881,41.867004,-87.656198,1303354102.0,22210838,22210916
22210916,41.867011,-87.655849,1303354104.0,22210881,22210948
22210948,41.867013,-87.6555,1303354106.0,22210916,22210995
22210995,41.867015,-87.655155,1303354108.0,22210948,22211039
22211039,41.867023,-87.654835,1303354110.0,22210995,22211087
22211087,41.867042,-87.654545,1303354112.0,22211039,22211129
22211129,41.867069,-87.654281,1303354114.0,22211087,22211191
22211191,41.867076,-87.653994,1303354117.0,22211129,22211288
22211288,41.86706,-87.653727,1303354123.0,22211191,22211340
22211340,41.867078,-87.653472,1303354127.0,22211288,22211374
22211374,41.86708,-87.653179,1303354130.0,22211340,22211431
22211431,41.867087,-87.652852,1303354133.0,22211374,22211487
22211487,41.867086,-87.652498,1303354136.0,22211431,22211551
22211551,41.867068,-87.65217,1303354139.0,22211487,22211628
22211628,41.867053,-87.651889,1303354142.0,22211551,22211716
22211716,41.867072,-87.651625,1303354146.0,22211628,22211830
22211830,41.867084,-87.651361,1303354151.0,22211716,22212262
22212262,41.867161,-87.651111,1303354169.0,22211830,22212358
22212358,41.867369,-87.651013,1303354173.0,22212262,22212432
22212432,41.86762,-87.651019,1303354176.0,22212358,22212484
22212484,41.867844,-87.651034,1303354178.0,22212432,22212537
22212537,41.868096,-87.651048,1303354180.0,22212484,22212592
22212592,41.868354,-87.651066,1303354182.0,22212537,22212643
22212643,41.868604,-87.651077,1303354184.0,22212592,22212693
22212693,41.868844,-87.651081,1303354186.0,22212643,22212745
22212745,41.869066,-87.65109,1303354188.0,22212693,22212800
22212800,41.869256,-87.651099,1303354190.0,22212745,22212911
22212911,41.869449,-87.651108,1303354194.0,22212800,None
