103079434,41.871075,-87.686148,1301798066.0,None,103079489
103079489,41.87126,-87.686141,1301798073.0,103079434,103079516
103079516,41.871454,-87.686142,1301798076.0,103079489,103079546
103079546,41.871691,-87.686152,1301798079.0,103079516,103079577
103079577,41.871936,-87.68617,1301798082.0,103079546,103079599
103079599,41.872182,-87.686176,1301798085.0,103079577,103079636
103079636,41.872433,-87.686179,1301798088.0,103079599,103079670
103079670,41.872672,-87.686182,1301798091.0,103079636,103079710
103079710,41.872903,-87.686187,1301798094.0,103079670,103079747
103079747,41.873134,-87.686197,1301798097.0,103079710,103079789
103079789,41.873352,-87.686205,1301798100.0,103079747,103079830
103079830,41.873533,-87.686207,1301798103.0,103079789,103080059
103080059,41.873719,-87.686208,1301798118.0,103079830,103080158
103080158,41.873896,-87.686094,1301798124.0,103080059,103080242
103080242,41.873929,-87.685802,1301798129.0,103080158,103080315
103080315,41.87394,-87.68547,1301798133.0,103080242,103080363
103080363,41.873941,-87.685156,1301798136.0,103080315,103080419
103080419,41.873938,-87.684817,1301798139.0,103080363,103080478
103080478,41.873934,-87.684481,1301798142.0,103080419,103080530
103080530,41.873922,-87.684184,1301798145.0,103080478,103080610
103080610,41.873922,-87.683899,1301798149.0,103080530,103080671
103080671,41.873926,-87.683635,1301798152.0,103080610,103080729
103080729,41.873934,-87.683299,1301798155.0,103080671,103080769
103080769,41.873937,-87.683051,1301798157.0,103080729,103080790
103080790,41.873943,-87.682787,1301798159.0,103080769,103080833
103080833,41.873953,-87.682521,1301798161.0,103080790,103080878
103080878,41.873958,-87.682261,1301798163.0,103080833,103080916
103080916,41.87396,-87.68201,1301798165.0,103080878,103080974
103080974,41.873959,-87.681686,1301798168.0,103080916,103081124
103081124,41.873958,-87.68142,1301798175.0,103080974,103081204
103081204,41.873971,-87.681136,1301798179.0,103081124,103081271
103081271,41.873977,-87.680799,1301798182.0,103081204,103081318
103081318,41.873979,-87.680544,1301798184.0,103081271,103081360
103081360,41.873979,-87.68027,1301798186.0,103081318,103081403
103081403,41.873977,-87.67999,1301798188.0,103081360,103081450
103081450,41.873983,-87.679717,1301798190.0,103081403,103081500
103081500,41.873984,-87.679452,1301798192.0,103081450,103081547
103081547,41.873989,-87.679191,1301798194.0,103081500,103081592
103081592,41.873995,-87.678927,1301798196.0,103081547,103081635
103081635,41.874,-87.678662,1301798198.0,103081592,103081684
103081684,41.874005,-87.678388,1301798200.0,103081635,103081733
103081733,41.874007,-87.678108,1301798202.0,103081684,103081786
103081786,41.874011,-87.677834,1301798204.0,103081733,103081836
103081836,41.87402,-87.677568,1301798206.0,103081786,103081883
103081883,41.874027,-87.677322,1301798208.0,103081836,103081954
103081954,41.874025,-87.676977,1301798211.0,103081883,103082025
103082025,41.874013,-87.676712,1301798214.0,103081954,103082133
103082133,41.873914,-87.676507,1301798218.0,103082025,103082206
103082206,41.87373,-87.676475,1301798221.0,103082133,103082276
103082276,41.873488,-87.676465,1301798224.0,103082206,103082351
103082351,41.873239,-87.67646,1301798227.0,103082276,103082432
103082432,41.873051,-87.676463,1301798230.0,103082351,103083017
103083017,41.872871,-87.676549,1301798252.0,103082432,103083125
103083125,41.872648,-87.676544,1301798256.0,103083017,103083211
103083211,41.872387,-87.67653,1301798259.0,103083125,103083265
103083265,41.872179,-87.676512,1301798261.0,103083211,103083318
103083318,41.871975,-87.676483,1301798263.0,103083265,103083374
103083374,41.871784,-87.676465,1301798265.0,103083318,103083460
103083460,41.871555,-87.676448,1301798268.0,103083374,103083571
103083571,41.871408,-87.676288,1301798272.0,103083460,103083656
103083656,41.871418,-87.67601,1301798275.0,103083571,103083732
103083732,41.871442,-87.675657,1301798278.0,103083656,103083791
103083791,41.87145,-87.675394,1301798280.0,103083732,103083851
103083851,41.871455,-87.675115,1301798282.0,103083791,103083914
103083914,41.871455,-87.674838,1301798284.0,103083851,103083972
103083972,41.871467,-87.674573,1301798286.0,103083914,103084025
103084025,41.871467,-87.674317,1301798288.0,103083972,103084111
103084111,41.871457,-87.674003,1301798291.0,103084025,103084265
103084265,41.87145,-87.673702,1301798296.0,103084111,103084317
103084317,41.871491,-87.673377,1301798300.0,103084265,103084325
103084325,41.871511,-87.673123,1301798302.0,103084317,103084335
103084335,41.871521,-87.672827,1301798304.0,103084325,103084347
103084347,41.871523,-87.672537,1301798306.0,103084335,103084360
103084360,41.871516,-87.672248,1301798308.0,103084347,103084374
103084374,41.871509,-87.671992,1301798310.0,103084360,103084398
103084398,41.871499,-87.671743,1301798313.0,103084374,103084492
103084492,41.871514,-87.6715,1301798323.0,103084398,103084536
103084536,41.871553,-87.671206,1301798327.0,103084492,103084571
103084571,41.871596,-87.670915,1301798330.0,103084536,103084607
103084607,41.871625,-87.670559,1301798333.0,103084571,103084632
103084632,41.871634,-87.670316,1301798335.0,103084607,103084658
103084658,41.871637,-87.670062,1301798337.0,103084632,103084684
103084684,41.871634,-87.669804,1301798339.0,103084658,103084725
103084725,41.87164,-87.669502,1301798342.0,103084684,103084795
103084795,41.87163,-87.669242,1301798347.0,103084725,103084865
103084865,41.871501,-87.669054,1301798352.0,103084795,103084907
103084907,41.871303,-87.669053,1301798355.0,103084865,103084955
103084955,41.871027,-87.669056,1301798358.0,103084907,103084985
103084985,41.870796,-87.669038,1301798360.0,103084955,103085018
103085018,41.870555,-87.669024,1301798362.0,103084985,103085052
103085052,41.870319,-87.669014,1301798364.0,103085018,103085086
103085086,41.8701,-87.669008,1301798366.0,103085052,103085119
103085119,41.869892,-87.669,1301798368.0,103085086,103085154
103085154,41.869698,-87.669001,1301798370.0,103085119,103085208
103085208,41.869451,-87.669006,1301798373.0,103085154,103085316
103085316,41.869258,-87.669001,1301798379.0,103085208,103085408
103085408,41.869151,-87.668731,1301798384.0,103085316,103085467
103085467,41.869178,-87.668414,1301798387.0,103085408,103085507
103085507,41.869196,-87.668149,1301798389.0,103085467,103085546
103085546,41.869203,-87.667868,1301798391.0,103085507,103085582
103085582,41.869207,-87.667598,1301798393.0,103085546,103085619
103085619,41.86921,-87.667345,1301798395.0,103085582,103085683
103085683,41.869215,-87.667019,1301798398.0,103085619,103085766
103085766,41.869215,-87.666758,1301798402.0,103085683,103085952
103085952,41.869246,-87.66649,1301798411.0,103085766,103086036
103086036,41.869272,-87.666196,1301798415.0,103085952,103086098
103086098,41.869295,-87.665898,1301798418.0,103086036,103086166
103086166,41.869308,-87.665561,1301798421.0,103086098,103086232
103086232,41.869315,-87.665212,1301798424.0,103086166,103086300
103086300,41.869319,-87.664897,1301798427.0,103086232,103086341
103086341,41.86932,-87.664626,1301798430.0,103086300,103086405
103086405,41.869315,-87.664378,1301798434.0,103086341,103086565
103086565,41.869323,-87.664136,1301798442.0,103086405,103086686
103086686,41.869354,-87.66381,1301798447.0,103086565,103086753
103086753,41.86937,-87.663509,1301798450.0,103086686,103086821
103086821,41.869382,-87.663195,1301798453.0,103086753,103086895
103086895,41.869387,-87.662898,1301798456.0,103086821,103086967
103086967,41.869389,-87.662624,1301798459.0,103086895,103087090
103087090,41.869389,-87.66235,1301798464.0,103086967,103087213
103087213,41.869411,-87.662106,1301798469.0,103087090,103087287
103087287,41.869418,-87.66185,1301798472.0,103087213,103087359
103087359,41.869428,-87.661552,1301798475.0,103087287,103087444
103087444,41.869444,-87.661217,1301798478.0,103087359,103087496
103087496,41.869454,-87.660962,1301798480.0,103087444,103087546
103087546,41.869456,-87.660692,1301798482.0,103087496,103087590
103087590,41.869455,-87.660427,1301798484.0,103087546,103087641
103087641,41.869454,-87.66017,1301798486.0,103087590,103087694
103087694,41.869454,-87.659914,1301798488.0,103087641,103087751
103087751,41.869455,-87.659649,1301798490.0,103087694,None
