88202815,41.86927,-87.6747,1302178535.0,None,88203403
88203403,41.869206,-87.674985,1302178554.0,88202815,88203505
88203505,41.869197,-87.675304,1302178557.0,88203403,88203614
88203614,41.869209,-87.675645,1302178560.0,88203505,88203747
88203747,41.869217,-87.675931,1302178564.0,88203614,88204358
88204358,41.86924,-87.676177,1302178582.0,88203747,88204523
88204523,41.86943,-87.676252,1302178587.0,88204358,88204627
88204627,41.869667,-87.676249,1302178590.0,88204523,88204692
88204692,41.869856,-87.67624,1302178592.0,88204627,88204761
88204761,41.87006,-87.676234,1302178594.0,88204692,88204826
88204826,41.870267,-87.676235,1302178596.0,88204761,88204894
88204894,41.870492,-87.676245,1302178598.0,88204826,88204964
88204964,41.870734,-87.676253,1302178600.0,88204894,88205031
88205031,41.870957,-87.676253,1302178602.0,88204964,88205102
88205102,41.871142,-87.676255,1302178604.0,88205031,88205213
88205213,41.871342,-87.676261,1302178607.0,88205102,88205434
88205434,41.871491,-87.676095,1302178613.0,88205213,88205567
88205567,41.871499,-87.675818,1302178617.0,88205434,88205666
88205666,41.871498,-87.675538,1302178620.0,88205567,88205809
88205809,41.871491,-87.675247,1302178624.0,88205666,88206571
88206571,41.871465,-87.674994,1302178646.0,88205809,88206689
88206689,41.871477,-87.674727,1302178649.0,88206571,88206806
88206806,41.871475,-87.674432,1302178652.0,88206689,88206940
88206940,41.87149,-87.674149,1302178656.0,88206806,88207159
88207159,41.871492,-87.673883,1302178662.0,88206940,88207309
88207309,41.871482,-87.673594,1302178666.0,88207159,88208004
88208004,41.871488,-87.673343,1302178685.0,88207309,88208161
88208161,41.871508,-87.673,1302178689.0,88208004,88208238
88208238,41.871519,-87.672752,1302178691.0,88208161,88208313
88208313,41.871524,-87.672482,1302178693.0,88208238,88208387
88208387,41.871516,-87.672236,1302178695.0,88208313,88208497
88208497,41.871508,-87.671979,1302178698.0,88208387,88208652
88208652,41.871506,-87.671727,1302178703.0,88208497,88208709
88208709,41.871521,-87.671413,1302178707.0,88208652,88208809
88208809,41.871528,-87.671119,1302178710.0,88208709,88208903
88208903,41.871548,-87.670819,1302178713.0,88208809,88208996
88208996,41.871554,-87.670556,1302178716.0,88208903,88209085
88209085,41.871552,-87.670301,1302178719.0,88208996,88209178
88209178,41.871558,-87.670026,1302178722.0,88209085,88209280
88209280,41.871562,-87.669752,1302178725.0,88209178,88209387
88209387,41.871556,-87.669507,1302178728.0,88209280,88209564
88209564,41.871582,-87.669267,1302178733.0,88209387,88209804
88209804,41.871647,-87.669014,1302178740.0,88209564,88209909
88209909,41.871829,-87.668982,1302178744.0,88209804,88210018
88210018,41.872055,-87.668999,1302178747.0,88209909,88210131
88210131,41.872276,-87.669014,1302178750.0,88210018,88210273
88210273,41.872459,-87.66902,1302178754.0,88210131,88210433
88210433,41.872638,-87.66899,1302178759.0,88210273,88210484
88210484,41.872831,-87.669011,1302178767.0,88210433,88210510
88210510,41.873054,-87.669028,1302178771.0,88210484,88210525
88210525,41.873238,-87.669039,1302178773.0,88210510,88210541
88210541,41.873443,-87.669049,1302178775.0,88210525,88210558
88210558,41.873633,-87.66906,1302178777.0,88210541,88210585
88210585,41.87387,-87.669074,1302178780.0,88210558,88210646
88210646,41.874056,-87.669123,1302178786.0,88210585,88210726
88210726,41.874117,-87.668826,1302178793.0,88210646,88210762
88210762,41.87411,-87.668503,1302178796.0,88210726,88210788
88210788,41.874074,-87.668263,1302178798.0,88210762,88210814
88210814,41.874033,-87.668007,1302178800.0,88210788,88210840
88210840,41.874026,-87.667747,1302178802.0,88210814,88210882
88210882,41.874025,-87.667415,1302178805.0,88210840,88210923
88210923,41.874022,-87.667165,1302178808.0,88210882,88211336
88211336,41.874097,-87.666922,1302178834.0,88210923,88211425
88211425,41.874129,-87.666594,1302178839.0,88211336,88211480
88211480,41.874137,-87.666231,1302178842.0,88211425,88211515
88211515,41.87414,-87.66594,1302178844.0,88211480,88211554
88211554,41.874142,-87.665624,1302178846.0,88211515,88211592
88211592,41.87415,-87.665299,1302178848.0,88211554,88211628
88211628,41.874149,-87.664963,1302178850.0,88211592,88211667
88211667,41.874141,-87.66463,1302178852.0,88211628,88211707
88211707,41.874129,-87.664297,1302178854.0,88211667,88211749
88211749,41.874121,-87.663955,1302178856.0,88211707,88211784
88211784,41.874111,-87.663595,1302178858.0,88211749,88211825
88211825,41.874106,-87.66323,1302178860.0,88211784,88211866
88211866,41.874107,-87.662864,1302178862.0,88211825,88211907
88211907,41.874114,-87.66251,1302178864.0,88211866,88211939
88211939,41.874123,-87.662167,1302178866.0,88211907,88211973
88211973,41.874132,-87.661823,1302178868.0,88211939,88212014
88212014,41.874136,-87.661467,1302178870.0,88211973,88212064
88212064,41.874145,-87.661102,1302178872.0,88212014,88212107
88212107,41.874153,-87.660729,1302178874.0,88212064,88212146
88212146,41.874157,-87.660352,1302178876.0,88212107,88212184
88212184,41.874159,-87.659965,1302178878.0,88212146,88212228
88212228,41.874161,-87.659581,1302178880.0,88212184,88212274
88212274,41.874164,-87.659199,1302178882.0,88212228,88212323
88212323,41.874171,-87.658821,1302178884.0,88212274,88212367
88212367,41.874172,-87.658444,1302178886.0,88212323,88212408
88212408,41.874178,-87.658077,1302178888.0,88212367,88212451
88212451,41.874187,-87.657726,1302178890.0,88212408,88212500
88212500,41.874197,-87.657389,1302178892.0,88212451,88212547
88212547,41.874206,-87.657049,1302178894.0,88212500,88212572
88212572,41.874213,-87.656702,1302178896.0,88212547,88212621
88212621,41.874221,-87.656345,1302178898.0,88212572,88212667
88212667,41.874223,-87.655978,1302178900.0,88212621,88212702
88212702,41.874225,-87.655614,1302178902.0,88212667,88212745
88212745,41.874232,-87.655256,1302178904.0,88212702,88212786
88212786,41.874238,-87.654892,1302178906.0,88212745,88212821
88212821,41.874245,-87.654521,1302178908.0,88212786,88212861
88212861,41.874247,-87.654142,1302178910.0,88212821,88212899
88212899,41.874253,-87.653761,1302178912.0,88212861,88212939
88212939,41.874257,-87.653389,1302178914.0,88212899,88212983
88212983,41.874257,-87.653048,1302178916.0,88212939,88213031
88213031,41.874251,-87.652747,1302178918.0,88212983,88213079
88213079,41.874249,-87.652505,1302178920.0,88213031,88213178
88213178,41.874254,-87.652232,1302178924.0,88213079,None
