52586447,41.864031,-87.646826,1303788060.0,None,52586464
52586464,41.863816,-87.646823,1303788063.0,52586447,52586489
52586489,41.863595,-87.64682,1303788066.0,52586464,52586518
52586518,41.863371,-87.646812,1303788069.0,52586489,52586550
52586550,41.863153,-87.646812,1303788072.0,52586518,52586584
52586584,41.862942,-87.646813,1303788075.0,52586550,52586622
52586622,41.862741,-87.646818,1303788078.0,52586584,52586663
52586663,41.862559,-87.646817,1303788081.0,52586622,52586761
52586761,41.862358,-87.646842,1303788088.0,52586663,52586847
52586847,41.862323,-87.647116,1303788093.0,52586761,52586910
52586910,41.862318,-87.6474,1303788097.0,52586847,52586986
52586986,41.862307,-87.647724,1303788101.0,52586910,52587035
52587035,41.862299,-87.647974,1303788104.0,52586986,52587093
52587093,41.862297,-87.64822,1303788107.0,52587035,52587168
52587168,41.862292,-87.648522,1303788111.0,52587093,52587299
52587299,41.862291,-87.64877,1303788117.0,52587168,52587395
52587395,41.862296,-87.649065,1303788122.0,52587299,52587494
52587494,41.862292,-87.64938,1303788126.0,52587395,52587552
52587552,41.862286,-87.649641,1303788129.0,52587494,52587618
52587618,41.862283,-87.649914,1303788132.0,52587552,52587688
52587688,41.862279,-87.650181,1303788135.0,52587618,52587761
52587761,41.862276,-87.650436,1303788138.0,52587688,52587847
52587847,41.862273,-87.650716,1303788142.0,52587761,52588022
52588022,41.862362,-87.650926,1303788149.0,52587847,52588123
52588123,41.86256,-87.650914,1303788153.0,52588022,52588218
52588218,41.86279,-87.650895,1303788157.0,52588123,52588294
52588294,41.862978,-87.650894,1303788160.0,52588218,52588405
52588405,41.863215,-87.650899,1303788164.0,52588294,52588553
52588553,41.863414,-87.650907,1303788170.0,52588405,52588665
52588665,41.863599,-87.650923,1303788174.0,52588553,52588746
52588746,41.863785,-87.650933,1303788177.0,52588665,52588836
52588836,41.863982,-87.650942,1303788180.0,52588746,52588907
52588907,41.864176,-87.650954,1303788183.0,52588836,52588995
52588995,41.864365,-87.650961,1303788186.0,52588907,52589110
52589110,41.864557,-87.650967,1303788190.0,52588995,52589307
52589307,41.86478,-87.650978,1303788197.0,52589110,52589401
52589401,41.865009,-87.65098,1303788201.0,52589307,52589497
52589497,41.86521,-87.650979,1303788204.0,52589401,52589595
52589595,41.865422,-87.650985,1303788207.0,52589497,52589698
52589698,41.865636,-87.650985,1303788210.0,52589595,52589779
52589779,41.865857,-87.650984,1303788213.0,52589698,52589869
52589869,41.866082,-87.650989,1303788216.0,52589779,52589966
52589966,41.866307,-87.650999,1303788219.0,52589869,52590066
52590066,41.866534,-87.651018,1303788222.0,52589966,52590162
52590162,41.866752,-87.651034,1303788225.0,52590066,52590263
52590263,41.866943,-87.65105,1303788228.0,52590162,52590393
52590393,41.86711,-87.651207,1303788232.0,52590263,52590525
52590525,41.867127,-87.651508,1303788236.0,52590393,52590606
52590606,41.867126,-87.65176,1303788239.0,52590525,52590698
52590698,41.867121,-87.652033,1303788242.0,52590606,52590810
52590810,41.867116,-87.652312,1303788245.0,52590698,52590917
52590917,41.867108,-87.652576,1303788248.0,52590810,52591020
52591020,41.867104,-87.652819,1303788251.0,52590917,52591154
52591154,41.867099,-87.65309,1303788255.0,52591020,52591833
52591833,41.867096,-87.65339,1303788274.0,52591154,52591968
52591968,41.867095,-87.653682,1303788278.0,52591833,52592080
52592080,41.867093,-87.653933,1303788281.0,52591968,52592178
52592178,41.867087,-87.65422,1303788284.0,52592080,52592285
52592285,41.867085,-87.654526,1303788287.0,52592178,52592392
52592392,41.867063,-87.654848,1303788290.0,52592285,52592503
52592503,41.86705,-87.655185,1303788293.0,52592392,52592612
52592612,41.867044,-87.655521,1303788296.0,52592503,52592727
52592727,41.867032,-87.655855,1303788299.0,52592612,52592836
52592836,41.867021,-87.656169,1303788302.0,52592727,52592935
52592935,41.867017,-87.656459,1303788305.0,52592836,52593081
52593081,41.867087,-87.656696,1303788309.0,52592935,52593222
52593222,41.867303,-87.65671,1303788313.0,52593081,52593330
52593330,41.867503,-87.656721,1303788316.0,52593222,52593438
52593438,41.867727,-87.656728,1303788319.0,52593330,52593544
52593544,41.867969,-87.656735,1303788322.0,52593438,52593654
52593654,41.868214,-87.656741,1303788325.0,52593544,52593752
52593752,41.868448,-87.656753,1303788328.0,52593654,52593859
52593859,41.868663,-87.656759,1303788331.0,52593752,52593972
52593972,41.868855,-87.656755,1303788334.0,52593859,52594081
52594081,41.869037,-87.656746,1303788337.0,52593972,52594217
52594217,41.869231,-87.656738,1303788341.0,52594081,52594531
52594531,41.869436,-87.656739,1303788363.0,52594217,52594566
52594566,41.869658,-87.656754,1303788367.0,52594531,52594595
52594595,41.869856,-87.65677,1303788370.0,52594566,52594625
52594625,41.870076,-87.656783,1303788373.0,52594595,52594658
52594658,41.87031,-87.656791,1303788376.0,52594625,52594692
52594692,41.870551,-87.656794,1303788379.0,52594658,52594728
52594728,41.870801,-87.656798,1303788382.0,52594692,52594765
52594765,41.871057,-87.656808,1303788385.0,52594728,52594804
52594804,41.871313,-87.656808,1303788388.0,52594765,52594844
52594844,41.871554,-87.656816,1303788391.0,52594804,52594886
52594886,41.871781,-87.656825,1303788394.0,52594844,52594928
52594928,41.871982,-87.656813,1303788397.0,52594886,52595033
52595033,41.872191,-87.656799,1303788404.0,52594928,52595113
52595113,41.872412,-87.656808,1303788409.0,52595033,52595178
52595178,41.872648,-87.6568,1303788413.0,52595113,52595221
52595221,41.872845,-87.656785,1303788416.0,52595178,52595275
52595275,41.873037,-87.65676,1303788419.0,52595221,52595327
52595327,41.873228,-87.656749,1303788422.0,52595275,52595378
52595378,41.873416,-87.656745,1303788425.0,52595327,52595435
52595435,41.873597,-87.656746,1303788428.0,52595378,52595507
52595507,41.873824,-87.656756,1303788432.0,52595435,52595604
52595604,41.874028,-87.65676,1303788437.0,52595507,52595716
52595716,41.874213,-87.656632,1303788443.0,52595604,52595797
52595797,41.874197,-87.656374,1303788447.0,52595716,52595880
52595880,41.874192,-87.656072,1303788451.0,52595797,52595940
52595940,41.87419,-87.655817,1303788454.0,52595880,52596000
52596000,41.874192,-87.655553,1303788457.0,52595940,52596070
52596070,41.874183,-87.655279,1303788460.0,52596000,52596133
52596133,41.874183,-87.655003,1303788463.0,52596070,52596196
52596196,41.874185,-87.654724,1303788466.0,52596133,52596261
52596261,41.87419,-87.654451,1303788469.0,52596196,52596310
52596310,41.874183,-87.654191,1303788472.0,52596261,52596357
52596357,41.874185,-87.653935,1303788475.0,52596310,52596414
52596414,41.874183,-87.653676,1303788478.0,52596357,52596448
52596448,41.874186,-87.653411,1303788481.0,52596414,52596496
52596496,41.874188,-87.653158,1303788484.0,52596448,52596553
52596553,41.874187,-87.65289,1303788487.0,52596496,52596621
52596621,41.874196,-87.652609,1303788490.0,52596553,52596687
52596687,41.874202,-87.652337,1303788493.0,52596621,52596757
52596757,41.874205,-87.652069,1303788496.0,52596687,52596835
52596835,41.874213,-87.651787,1303788499.0,52596757,52596905
52596905,41.874226,-87.651478,1303788502.0,52596835,52596970
52596970,41.874237,-87.651173,1303788505.0,52596905,52597039
52597039,41.874247,-87.650873,1303788508.0,52596970,52597102
52597102,41.874251,-87.650572,1303788511.0,52597039,52597181
52597181,41.874255,-87.65028,1303788514.0,52597102,52597264
52597264,41.874256,-87.65,1303788517.0,52597181,52597338
52597338,41.87426,-87.64972,1303788520.0,52597264,52597408
52597408,41.874257,-87.649432,1303788523.0,52597338,52597485
52597485,41.874262,-87.64914,1303788526.0,52597408,52597562
52597562,41.87426,-87.648834,1303788529.0,52597485,52597644
52597644,41.874267,-87.648534,1303788532.0,52597562,52597719
52597719,41.874241,-87.648237,1303788535.0,52597644,52597799
52597799,41.874212,-87.647958,1303788538.0,52597719,52597879
52597879,41.874193,-87.647693,1303788541.0,52597799,52597985
52597985,41.874156,-87.647456,1303788545.0,52597879,None
