65964819,41.867144,-87.656588,1301929449.0,None,65964835
65964835,41.867334,-87.656629,1301929453.0,65964819,65964852
65964852,41.867572,-87.656652,1301929456.0,65964835,65964865
65964865,41.867767,-87.656663,1301929458.0,65964852,65964880
65964880,41.867979,-87.656666,1301929460.0,65964865,65964896
65964896,41.868193,-87.656671,1301929462.0,65964880,65964917
65964917,41.868403,-87.656678,1301929464.0,65964896,65964940
65964940,41.868608,-87.656684,1301929466.0,65964917,65964968
65964968,41.868808,-87.656687,1301929468.0,65964940,65964994
65964994,41.868992,-87.656691,1301929470.0,65964968,65965038
65965038,41.869199,-87.656688,1301929473.0,65964994,65965307
65965307,41.86939,-87.656692,1301929490.0,65965038,65965390
65965390,41.869589,-87.656691,1301929495.0,65965307,65965449
65965449,41.869848,-87.6567,1301929498.0,65965390,65965488
65965488,41.870051,-87.656713,1301929500.0,65965449,65965527
65965527,41.870267,-87.656721,1301929502.0,65965488,65965564
65965564,41.870512,-87.656718,1301929504.0,65965527,65965599
65965599,41.870765,-87.65672,1301929506.0,65965564,65965642
65965642,41.871014,-87.656726,1301929508.0,65965599,65965688
65965688,41.871261,-87.656731,1301929510.0,65965642,65965725
65965725,41.871502,-87.656741,1301929512.0,65965688,65965765
65965765,41.871725,-87.656745,1301929514.0,65965725,65965811
65965811,41.871909,-87.656733,1301929516.0,65965765,65965879
65965879,41.872124,-87.656717,1301929519.0,65965811,65966001
65966001,41.872311,-87.656704,1301929525.0,65965879,65966079
65966079,41.872504,-87.656692,1301929528.0,65966001,65966148
65966148,41.872758,-87.656671,1301929531.0,65966079,65966172
65966172,41.872951,-87.65666,1301929533.0,65966148,65966216
65966216,41.873166,-87.656646,1301929535.0,65966172,65966265
65966265,41.87339,-87.65664,1301929537.0,65966216,65966314
65966314,41.873603,-87.656636,1301929539.0,65966265,65966362
65966362,41.873795,-87.656638,1301929541.0,65966314,65966432
65966432,41.874031,-87.656631,1301929544.0,65966362,65966539
65966539,41.874256,-87.65663,1301929548.0,65966432,65966671
65966671,41.874287,-87.656368,1301929553.0,65966539,65966743
65966743,41.874273,-87.656047,1301929556.0,65966671,65966799
65966799,41.874271,-87.655796,1301929558.0,65966743,65966858
65966858,41.874268,-87.655531,1301929560.0,65966799,65966913
65966913,41.874272,-87.655263,1301929562.0,65966858,65966967
65966967,41.874272,-87.654989,1301929564.0,65966913,65967022
65967022,41.874271,-87.654708,1301929566.0,65966967,65967076
65967076,41.874276,-87.65443,1301929568.0,65967022,65967129
65967129,41.874279,-87.654151,1301929570.0,65967076,65967189
65967189,41.874284,-87.65388,1301929572.0,65967129,65967241
65967241,41.874293,-87.653621,1301929574.0,65967189,65967301
65967301,41.874304,-87.653371,1301929576.0,65967241,65967357
65967357,41.87431,-87.653129,1301929578.0,65967301,65967448
65967448,41.874318,-87.652783,1301929581.0,65967357,65967536
65967536,41.874305,-87.652495,1301929584.0,65967448,65967617
65967617,41.874292,-87.652202,1301929588.0,65967536,65968174
65968174,41.874296,-87.651942,1301929606.0,65967617,65968270
65968270,41.874323,-87.651696,1301929609.0,65968174,65968369
65968369,41.874345,-87.651363,1301929612.0,65968270,65968435
65968435,41.874353,-87.651115,1301929614.0,65968369,65968499
65968499,41.874359,-87.650839,1301929616.0,65968435,65968560
65968560,41.87435,-87.650547,1301929618.0,65968499,65968624
65968624,41.874339,-87.650275,1301929620.0,65968560,65968696
65968696,41.874334,-87.650015,1301929622.0,65968624,65968766
65968766,41.874345,-87.649767,1301929624.0,65968696,65968830
65968830,41.874355,-87.64951,1301929626.0,65968766,65968901
65968901,41.874365,-87.649229,1301929628.0,65968830,65968976
65968976,41.874367,-87.648916,1301929630.0,65968901,65969045
65969045,41.874372,-87.648584,1301929632.0,65968976,65969104
65969104,41.874364,-87.648247,1301929634.0,65969045,65969176
65969176,41.874338,-87.647918,1301929636.0,65969104,65969247
65969247,41.874307,-87.647607,1301929638.0,65969176,65969317
65969317,41.874272,-87.647357,1301929640.0,65969247,65969426
65969426,41.874141,-87.647167,1301929643.0,65969317,65969534
65969534,41.873884,-87.64716,1301929646.0,65969426,65969614
65969614,41.873685,-87.647161,1301929648.0,65969534,65969685
65969685,41.873456,-87.647158,1301929650.0,65969614,65969755
65969755,41.873204,-87.647154,1301929652.0,65969685,65969832
65969832,41.872932,-87.647148,1301929654.0,65969755,65969907
65969907,41.872659,-87.647145,1301929656.0,65969832,65969979
65969979,41.87242,-87.647143,1301929658.0,65969907,65970047
65970047,41.872236,-87.647148,1301929660.0,65969979,65970632
65970632,41.872049,-87.647159,1301929676.0,65970047,65970776
65970776,41.871863,-87.647159,1301929680.0,65970632,65970872
65970872,41.871625,-87.647144,1301929683.0,65970776,65970938
65970938,41.871422,-87.647143,1301929685.0,65970872,65971012
65971012,41.87121,-87.647136,1301929687.0,65970938,65971070
65971070,41.870986,-87.647109,1301929689.0,65971012,65971147
65971147,41.870737,-87.647091,1301929691.0,65971070,65971226
65971226,41.870479,-87.647082,1301929693.0,65971147,65971303
65971303,41.870248,-87.647048,1301929695.0,65971226,65971378
65971378,41.870054,-87.647034,1301929697.0,65971303,65971488
65971488,41.869794,-87.647032,1301929700.0,65971378,65971623
65971623,41.869613,-87.647017,1301929704.0,65971488,65972206
65972206,41.869548,-87.646784,1301929720.0,65971623,65972307
65972307,41.869574,-87.646477,1301929723.0,65972206,65972367
65972367,41.869593,-87.646219,1301929725.0,65972307,65972440
65972440,41.869605,-87.64597,1301929727.0,65972367,65972542
65972542,41.869597,-87.645682,1301929730.0,65972440,65973369
65973369,41.869609,-87.645413,1301929753.0,65972542,65973510
65973510,41.86963,-87.645094,1301929757.0,65973369,65973613
65973613,41.869661,-87.644798,1301929760.0,65973510,65973714
65973714,41.869666,-87.644506,1301929763.0,65973613,65973824
65973824,41.869668,-87.644133,1301929766.0,65973714,65973903
65973903,41.869672,-87.64386,1301929768.0,65973824,65973981
65973981,41.869676,-87.643572,1301929770.0,65973903,65974016
65974016,41.86968,-87.643272,1301929772.0,65973981,65974087
65974087,41.869683,-87.642983,1301929774.0,65974016,65974144
65974144,41.869695,-87.642648,1301929777.0,65974087,None
