15998386,41.867149,-87.650917,1302580802.0,None,15998443
15998443,41.867114,-87.651211,1302580812.0,15998386,15998467
15998467,41.867109,-87.651533,1302580815.0,15998443,15998484
15998484,41.867104,-87.651809,1302580817.0,15998467,15998502
15998502,41.867104,-87.652102,1302580819.0,15998484,15998521
15998521,41.867103,-87.652405,1302580821.0,15998502,15998541
15998541,41.867099,-87.652689,1302580823.0,15998521,15998561
15998561,41.867096,-87.652956,1302580825.0,15998541,15998583
15998583,41.867095,-87.653214,1302580827.0,15998561,15998605
15998605,41.867092,-87.653466,1302580829.0,15998583,15998628
15998628,41.86708,-87.653722,1302580831.0,15998605,15998652
15998652,41.867069,-87.654001,1302580833.0,15998628,15998676
15998676,41.867056,-87.654298,1302580835.0,15998652,15998701
15998701,41.86704,-87.654617,1302580837.0,15998676,15998727
15998727,41.867039,-87.654955,1302580839.0,15998701,15998753
15998753,41.867035,-87.655303,1302580841.0,15998727,15998780
15998780,41.867029,-87.655657,1302580843.0,15998753,15998808
15998808,41.867024,-87.655994,1302580845.0,15998780,15998836
15998836,41.867017,-87.656323,1302580847.0,15998808,15998864
15998864,41.867015,-87.656658,1302580849.0,15998836,15998894
15998894,41.867006,-87.656992,1302580851.0,15998864,15998917
15998917,41.866996,-87.65731,1302580853.0,15998894,15998948
15998948,41.866988,-87.657623,1302580855.0,15998917,15998981
15998981,41.866991,-87.657936,1302580857.0,15998948,15999011
15999011,41.866986,-87.658262,1302580859.0,15998981,15999041
15999041,41.866984,-87.658591,1302580861.0,15999011,15999074
15999074,41.866981,-87.658913,1302580863.0,15999041,15999109
15999109,41.866976,-87.659235,1302580865.0,15999074,15999141
15999141,41.866971,-87.659571,1302580867.0,15999109,15999174
15999174,41.866964,-87.659909,1302580869.0,15999141,15999209
15999209,41.866956,-87.660252,1302580871.0,15999174,15999245
15999245,41.866949,-87.660598,1302580873.0,15999209,15999280
15999280,41.866942,-87.660946,1302580875.0,15999245,15999314
15999314,41.866935,-87.661292,1302580877.0,15999280,15999350
15999350,41.866929,-87.661633,1302580879.0,15999314,15999383
15999383,41.866924,-87.661975,1302580881.0,15999350,15999423
15999423,41.866919,-87.662324,1302580883.0,15999383,15999460
15999460,41.866914,-87.662673,1302580885.0,15999423,15999497
15999497,41.866906,-87.66302,1302580887.0,15999460,15999535
15999535,41.866897,-87.66337,1302580889.0,15999497,15999571
15999571,41.866891,-87.663722,1302580891.0,15999535,15999613
15999613,41.866888,-87.664074,1302580893.0,15999571,15999652
15999652,41.866885,-87.664418,1302580895.0,15999613,15999692
15999692,41.866884,-87.664754,1302580897.0,15999652,15999731
15999731,41.866882,-87.665071,1302580899.0,15999692,15999768
15999768,41.866879,-87.665359,1302580901.0,15999731,15999810
15999810,41.866877,-87.665615,1302580903.0,15999768,15999873
15999873,41.866879,-87.665916,1302580906.0,15999810,15999988
15999988,41.86688,-87.666164,1302580912.0,15999873,16000394
16000394,41.86688,-87.66649,1302580932.0,15999988,16000456
16000456,41.866872,-87.666858,1302580935.0,16000394,16000495
16000495,41.866869,-87.667163,1302580937.0,16000456,16000531
16000531,41.86687,-87.667491,1302580939.0,16000495,16000569
16000569,41.866873,-87.667822,1302580941.0,16000531,16000607
16000607,41.866878,-87.668146,1302580943.0,16000569,16000646
16000646,41.86688,-87.668441,1302580945.0,16000607,16000692
16000692,41.866878,-87.668684,1302580947.0,16000646,16000764
16000764,41.866922,-87.668926,1302580950.0,16000692,16000861
16000861,41.867099,-87.668984,1302580954.0,16000764,16000928
16000928,41.867302,-87.668963,1302580957.0,16000861,16000975
16000975,41.867501,-87.668956,1302580959.0,16000928,16001027
16001027,41.867741,-87.668956,1302580961.0,16000975,16001076
16001076,41.868004,-87.668963,1302580963.0,16001027,16001129
16001129,41.868265,-87.668978,1302580965.0,16001076,16001169
16001169,41.868513,-87.668983,1302580967.0,16001129,16001217
16001217,41.868731,-87.668989,1302580969.0,16001169,16001268
16001268,41.868915,-87.668987,1302580971.0,16001217,16001371
16001371,41.8691,-87.668986,1302580975.0,16001268,16001520
16001520,41.869248,-87.669175,1302580981.0,16001371,16001597
16001597,41.869242,-87.669417,1302580984.0,16001520,16001675
16001675,41.869238,-87.669708,1302580987.0,16001597,16001729
16001729,41.869235,-87.669982,1302580989.0,16001675,16001780
16001780,41.869233,-87.670319,1302580991.0,16001729,16001836
16001836,41.86923,-87.670628,1302580993.0,16001780,16001917
16001917,41.869225,-87.670948,1302580996.0,16001836,16002071
16002071,41.869285,-87.67118,1302581002.0,16001917,16002234
16002234,41.869257,-87.671422,1302581008.0,16002071,16002320
16002320,41.869219,-87.671746,1302581011.0,16002234,16002375
16002375,41.869206,-87.672014,1302581013.0,16002320,16002429
16002429,41.869211,-87.672265,1302581015.0,16002375,16002512
16002512,41.869226,-87.672518,1302581018.0,16002429,16002603
16002603,41.869227,-87.672786,1302581021.0,16002512,16002675
16002675,41.869224,-87.673146,1302581024.0,16002603,16002702
16002702,41.86921,-87.673415,1302581026.0,16002675,16002764
16002764,41.869221,-87.673812,1302581029.0,16002702,16002827
16002827,41.869222,-87.674091,1302581031.0,16002764,16002885
16002885,41.869226,-87.674469,1302581033.0,16002827,16002946
16002946,41.869228,-87.674828,1302581035.0,16002885,16003012
16003012,41.869223,-87.675201,1302581037.0,16002946,16003066
16003066,41.86921,-87.675552,1302581039.0,16003012,16003119
16003119,41.869198,-87.675902,1302581041.0,16003066,16003176
16003176,41.869175,-87.67628,1302581043.0,16003119,16003235
16003235,41.869157,-87.676706,1302581045.0,16003176,16003298
16003298,41.869151,-87.677124,1302581047.0,16003235,16003364
16003364,41.869151,-87.677526,1302581049.0,16003298,16003429
16003429,41.869156,-87.677931,1302581051.0,16003364,16003497
16003497,41.869157,-87.678337,1302581053.0,16003429,16003553
16003553,41.869155,-87.678734,1302581055.0,16003497,16003610
16003610,41.869151,-87.679103,1302581057.0,16003553,16003667
16003667,41.869145,-87.679433,1302581059.0,16003610,16003724
16003724,41.869138,-87.679706,1302581061.0,16003667,16003811
16003811,41.869139,-87.680011,1302581064.0,16003724,None
