67607340,41.87212,-87.647218,1302272848.0,None,67607553
67607553,41.871915,-87.647222,1302272865.0,67607340,67607595
67607595,41.871719,-87.64721,1302272868.0,67607553,67607639
67607639,41.871498,-87.647196,1302272871.0,67607595,67607684
67607684,41.87126,-87.647189,1302272874.0,67607639,67607725
67607725,41.871008,-87.647189,1302272877.0,67607684,67607758
67607758,41.870822,-87.647191,1302272879.0,67607725,67607790
67607790,41.870625,-87.647189,1302272881.0,67607758,67607821
67607821,41.870425,-87.647186,1302272883.0,67607790,67607854
67607854,41.870231,-87.647182,1302272885.0,67607821,67607889
67607889,41.870049,-87.647181,1302272887.0,67607854,67607939
67607939,41.869833,-87.64718,1302272890.0,67607889,67608008
67608008,41.869672,-87.647292,1302272894.0,67607939,67608080
67608080,41.869661,-87.647587,1302272898.0,67608008,67608134
67608134,41.869661,-87.647929,1302272901.0,67608080,67608190
67608190,41.86966,-87.648282,1302272904.0,67608134,67608246
67608246,41.869644,-87.648598,1302272907.0,67608190,67608302
67608302,41.869635,-87.648844,1302272910.0,67608246,67608362
67608362,41.869633,-87.649112,1302272913.0,67608302,67608420
67608420,41.869627,-87.649455,1302272916.0,67608362,67608459
67608459,41.869621,-87.6497,1302272918.0,67608420,67608501
67608501,41.869616,-87.649955,1302272920.0,67608459,67608544
67608544,41.869598,-87.650206,1302272922.0,67608501,67608585
67608585,41.869581,-87.650448,1302272924.0,67608544,67608644
67608644,41.869567,-87.650746,1302272927.0,67608585,67608730
67608730,41.86956,-87.651014,1302272931.0,67608644,67608792
67608792,41.869549,-87.651269,1302272934.0,67608730,67608855
67608855,41.869535,-87.651564,1302272937.0,67608792,67608921
67608921,41.869528,-87.651892,1302272940.0,67608855,67608964
67608964,41.869529,-87.652142,1302272942.0,67608921,67608992
67608992,41.869527,-87.652397,1302272944.0,67608964,67609023
67609023,41.869524,-87.652656,1302272946.0,67608992,67609064
67609064,41.869524,-87.652908,1302272948.0,67609023,67609121
67609121,41.869508,-87.653261,1302272951.0,67609064,67609157
67609157,41.869499,-87.653616,1302272954.0,67609121,67609209
67609209,41.869493,-87.653944,1302272957.0,67609157,67609310
67609310,41.869495,-87.654218,1302272962.0,67609209,67609404
67609404,41.869492,-87.654482,1302272966.0,67609310,67609479
67609479,41.869476,-87.654812,1302272969.0,67609404,67609529
67609529,41.869476,-87.655059,1302272971.0,67609479,67609574
67609574,41.869472,-87.655312,1302272973.0,67609529,67609619
67609619,41.869469,-87.655568,1302272975.0,67609574,67609666
67609666,41.869464,-87.655823,1302272977.0,67609619,67609736
67609736,41.869463,-87.656149,1302272980.0,67609666,67609841
67609841,41.869463,-87.65646,1302272984.0,67609736,67609943
67609943,41.869451,-87.656761,1302272988.0,67609841,67610017
67610017,41.869448,-87.657061,1302272991.0,67609943,67610086
67610086,41.86944,-87.657378,1302272994.0,67610017,67610169
67610169,41.869433,-87.657662,1302272997.0,67610086,67610245
67610245,41.869423,-87.657969,1302273000.0,67610169,67610323
67610323,41.869421,-87.658299,1302273003.0,67610245,67610402
67610402,41.869421,-87.658656,1302273006.0,67610323,67610452
67610452,41.869418,-87.658904,1302273008.0,67610402,67610506
67610506,41.869415,-87.659158,1302273010.0,67610452,67610558
67610558,41.869409,-87.659415,1302273012.0,67610506,67610616
67610616,41.869403,-87.659674,1302273014.0,67610558,67610671
67610671,41.869398,-87.659926,1302273016.0,67610616,67610728
67610728,41.869397,-87.660168,1302273018.0,67610671,67610807
67610807,41.869389,-87.660505,1302273021.0,67610728,67610889
67610889,41.869381,-87.660794,1302273024.0,67610807,67611074
67611074,41.869377,-87.661054,1302273031.0,67610889,67611259
67611259,41.869377,-87.661358,1302273037.0,67611074,67611337
67611337,41.869376,-87.661617,1302273040.0,67611259,67611427
67611427,41.869371,-87.661905,1302273043.0,67611337,67611512
67611512,41.869355,-87.662209,1302273046.0,67611427,67611596
67611596,41.869343,-87.662488,1302273049.0,67611512,67611681
67611681,41.86933,-87.662746,1302273052.0,67611596,67611768
67611768,41.869318,-87.663,1302273055.0,67611681,67611863
67611863,41.869327,-87.663263,1302273058.0,67611768,67611952
67611952,41.869319,-87.663521,1302273061.0,67611863,67612063
67612063,41.869306,-87.663803,1302273065.0,67611952,67612282
67612282,41.869306,-87.66406,1302273072.0,67612063,67612405
67612405,41.869305,-87.664369,1302273076.0,67612282,67612488
67612488,41.8693,-87.664663,1302273079.0,67612405,67612576
67612576,41.869295,-87.664986,1302273082.0,67612488,67612677
67612677,41.86929,-87.665304,1302273085.0,67612576,67612770
67612770,41.869287,-87.665625,1302273088.0,67612677,67612866
67612866,41.86929,-87.665939,1302273091.0,67612770,67612958
67612958,41.869294,-87.66624,1302273094.0,67612866,67613051
67613051,41.869298,-87.666503,1302273097.0,67612958,67613182
67613182,41.869279,-87.666747,1302273101.0,67613051,67613307
67613307,41.869282,-87.667037,1302273105.0,67613182,67613435
67613435,41.869278,-87.667326,1302273109.0,67613307,67613564
67613564,41.869269,-87.667603,1302273113.0,67613435,67613657
67613657,41.869263,-87.667851,1302273116.0,67613564,67613762
67613762,41.869254,-87.668118,1302273119.0,67613657,67613859
67613859,41.869269,-87.668368,1302273122.0,67613762,67613986
67613986,41.869276,-87.668627,1302273126.0,67613859,67614410
67614410,41.869271,-87.668872,1302273139.0,67613986,67614551
67614551,41.869271,-87.669116,1302273143.0,67614410,67614647
67614647,41.869268,-87.669404,1302273146.0,67614551,67614744
67614744,41.869258,-87.669707,1302273149.0,67614647,67614844
67614844,41.869253,-87.669973,1302273152.0,67614744,67615540
67615540,41.869262,-87.670239,1302273172.0,67614844,67615679
67615679,41.869253,-87.670503,1302273176.0,67615540,67615785
67615785,41.869251,-87.670758,1302273179.0,67615679,67615890
67615890,41.869246,-87.671021,1302273182.0,67615785,67616063
67616063,41.869239,-87.671274,1302273187.0,67615890,67616387
67616387,41.869065,-87.671412,1302273196.0,67616063,67616534
67616534,41.868832,-87.671437,1302273200.0,67616387,67616644
67616644,41.868641,-87.671453,1302273203.0,67616534,67616749
67616749,41.868437,-87.671469,1302273206.0,67616644,67616862
67616862,41.868214,-87.671482,1302273209.0,67616749,67616958
67616958,41.867988,-87.671489,1302273212.0,67616862,67617070
67617070,41.867753,-87.671495,1302273215.0,67616958,67617178
67617178,41.867545,-87.671493,1302273218.0,67617070,67617408
67617408,41.867356,-87.671483,1302273224.0,67617178,67617739
67617739,41.867172,-87.671466,1302273233.0,67617408,67618172
67618172,41.866979,-87.671443,1302273245.0,67617739,67618392
67618392,41.866809,-87.671328,1302273251.0,67618172,67618513
67618513,41.866789,-87.671037,1302273255.0,67618392,67618554
67618554,41.866799,-87.670771,1302273258.0,67618513,67618649
67618649,41.866799,-87.670473,1302273261.0,67618554,67618758
67618758,41.866807,-87.670196,1302273264.0,67618649,67618862
67618862,41.866811,-87.669922,1302273268.0,67618758,67619191
67619191,41.866811,-87.669632,1302273278.0,67618862,67619322
67619322,41.866812,-87.669379,1302273282.0,67619191,67619425
67619425,41.866814,-87.669112,1302273285.0,67619322,67619531
67619531,41.866812,-87.668802,1302273288.0,67619425,67619635
67619635,41.866805,-87.668453,1302273291.0,67619531,67619711
67619711,41.866801,-87.668201,1302273293.0,67619635,67619784
67619784,41.866799,-87.667945,1302273295.0,67619711,67619849
67619849,41.866802,-87.66769,1302273297.0,67619784,67619918
67619918,41.866814,-87.667447,1302273299.0,67619849,67620016
67620016,41.866833,-87.667151,1302273302.0,67619918,67620190
67620190,41.86684,-87.666897,1302273307.0,67620016,None
