42883506,41.867411,-87.647028,1303923657.0,None,42884098
42884098,41.867236,-87.647134,1303923673.0,42883506,42884242
42884242,41.867189,-87.647388,1303923677.0,42884098,42884352
42884352,41.86718,-87.647658,1303923680.0,42884242,42884460
42884460,41.867182,-87.647996,1303923683.0,42884352,42884530
42884530,41.867183,-87.648245,1303923685.0,42884460,42884605
42884605,41.867182,-87.648501,1303923687.0,42884530,42884677
42884677,41.867179,-87.648743,1303923689.0,42884605,42884788
42884788,41.86718,-87.649038,1303923692.0,42884677,42884890
42884890,41.867178,-87.649314,1303923695.0,42884788,42885006
42885006,41.867175,-87.649626,1303923698.0,42884890,42885104
42885104,41.86717,-87.649965,1303923701.0,42885006,42885212
42885212,41.867168,-87.650296,1303923704.0,42885104,42885323
42885323,41.867184,-87.650554,1303923707.0,42885212,42885949
42885949,41.867187,-87.650823,1303923724.0,42885323,42886122
42886122,41.867159,-87.651141,1303923729.0,42885949,42886229
42886229,41.867153,-87.651427,1303923732.0,42886122,42886341
42886341,41.867154,-87.651769,1303923735.0,42886229,42886417
42886417,41.867144,-87.652016,1303923737.0,42886341,42886488
42886488,41.86713,-87.652277,1303923739.0,42886417,42886559
42886559,41.867126,-87.652541,1303923741.0,42886488,42886632
42886632,41.867121,-87.652805,1303923743.0,42886559,42886701
42886701,41.867116,-87.653069,1303923745.0,42886632,42886769
42886769,41.867109,-87.653336,1303923747.0,42886701,42886841
42886841,41.867103,-87.653612,1303923749.0,42886769,42886912
42886912,41.867089,-87.653898,1303923751.0,42886841,42886987
42886987,41.867077,-87.654192,1303923753.0,42886912,42887062
42887062,41.867067,-87.654491,1303923755.0,42886987,42887132
42887132,41.86705,-87.654779,1303923757.0,42887062,42887204
42887204,41.867033,-87.655066,1303923759.0,42887132,42887278
42887278,41.867031,-87.655365,1303923761.0,42887204,42887351
42887351,41.867029,-87.655669,1303923763.0,42887278,42887369
42887369,41.867023,-87.655977,1303923765.0,42887351,42887410
42887410,41.86702,-87.656285,1303923767.0,42887369,42887466
42887466,41.867017,-87.656587,1303923769.0,42887410,42887529
42887529,41.867015,-87.656889,1303923771.0,42887466,42887595
42887595,41.867012,-87.657196,1303923773.0,42887529,42887673
42887673,41.867006,-87.657505,1303923775.0,42887595,42887750
42887750,41.867004,-87.657821,1303923777.0,42887673,42887816
42887816,41.867,-87.658132,1303923779.0,42887750,42887885
42887885,41.866996,-87.658451,1303923781.0,42887816,42887943
42887943,41.866993,-87.658768,1303923783.0,42887885,42888009
42888009,41.866989,-87.659083,1303923785.0,42887943,42888082
42888082,41.86698,-87.659399,1303923787.0,42888009,42888153
42888153,41.866971,-87.659715,1303923789.0,42888082,42888230
42888230,41.866966,-87.66003,1303923791.0,42888153,42888306
42888306,41.866961,-87.660344,1303923793.0,42888230,42888381
42888381,41.866955,-87.660656,1303923795.0,42888306,42888451
42888451,41.866952,-87.660973,1303923797.0,42888381,42888523
42888523,41.86695,-87.661288,1303923799.0,42888451,42888587
42888587,41.866947,-87.661604,1303923801.0,42888523,42888655
42888655,41.866942,-87.661922,1303923803.0,42888587,42888726
42888726,41.866934,-87.662243,1303923805.0,42888655,42888798
42888798,41.866929,-87.662565,1303923807.0,42888726,42888873
42888873,41.866926,-87.66289,1303923809.0,42888798,42888945
42888945,41.866919,-87.66321,1303923811.0,42888873,42889008
42889008,41.866911,-87.663528,1303923813.0,42888945,42889084
42889084,41.866902,-87.663838,1303923815.0,42889008,42889161
42889161,41.866896,-87.664141,1303923817.0,42889084,42889235
42889235,41.86689,-87.664437,1303923819.0,42889161,42889307
42889307,41.866885,-87.664725,1303923821.0,42889235,42889376
42889376,41.866878,-87.664994,1303923823.0,42889307,42889477
42889477,41.866877,-87.665319,1303923826.0,42889376,42889956
42889956,41.866886,-87.665582,1303923839.0,42889477,42890315
42890315,41.866898,-87.66587,1303923849.0,42889956,42890424
42890424,41.866899,-87.666121,1303923852.0,42890315,42890543
42890543,41.866903,-87.666443,1303923855.0,42890424,42890660
42890660,41.866905,-87.666813,1303923858.0,42890543,42890729
42890729,41.866906,-87.667089,1303923860.0,42890660,42890800
42890800,41.866906,-87.667373,1303923862.0,42890729,42890870
42890870,41.866907,-87.667652,1303923864.0,42890800,42890936
42890936,41.866911,-87.667923,1303923866.0,42890870,42891010
42891010,41.86692,-87.668182,1303923868.0,42890936,42891122
42891122,41.866929,-87.668485,1303923871.0,42891010,42891719
42891719,41.866924,-87.668735,1303923888.0,42891122,42891945
42891945,41.867096,-87.668896,1303923894.0,42891719,42892092
42892092,41.867333,-87.668904,1303923898.0,42891945,42892187
42892187,41.867566,-87.668915,1303923901.0,42892092,42892294
42892294,41.867825,-87.668925,1303923904.0,42892187,42892368
42892368,41.868006,-87.668928,1303923906.0,42892294,42892438
42892438,41.868189,-87.668931,1303923908.0,42892368,42892509
42892509,41.868373,-87.668941,1303923910.0,42892438,42892585
42892585,41.868555,-87.668956,1303923912.0,42892509,42892698
42892698,41.868812,-87.668972,1303923915.0,42892585,42892805
42892805,41.869008,-87.668988,1303923918.0,42892698,42893174
42893174,41.869202,-87.669004,1303923929.0,42892805,42893395
42893395,41.869272,-87.669285,1303923935.0,42893174,42893500
42893500,41.869253,-87.669539,1303923938.0,42893395,42893611
42893611,41.869238,-87.66983,1303923941.0,42893500,42893726
42893726,41.869248,-87.6701,1303923944.0,42893611,42893837
42893837,41.869248,-87.670364,1303923947.0,42893726,42893988
42893988,41.869253,-87.67066,1303923951.0,42893837,42894171
42894171,41.86927,-87.670907,1303923956.0,42893988,42894646
42894646,41.869291,-87.671148,1303923969.0,42894171,42895155
42895155,41.869267,-87.671407,1303923983.0,42894646,42895843
42895843,41.869224,-87.671654,1303924002.0,42895155,42895911
42895911,41.869224,-87.671928,1303924004.0,42895843,42895985
42895985,41.869226,-87.672185,1303924006.0,42895911,42896092
42896092,41.869247,-87.672503,1303924009.0,42895985,42896162
42896162,41.869308,-87.672747,1303924011.0,42896092,42896352
42896352,41.869354,-87.672994,1303924016.0,42896162,42896530
42896530,41.86951,-87.673196,1303924021.0,42896352,42896672
42896672,41.869737,-87.673265,1303924025.0,42896530,42896783
42896783,41.869992,-87.673254,1303924028.0,42896672,42896855
42896855,41.87024,-87.673237,1303924031.0,42896783,42897000
42897000,41.870421,-87.67322,1303924035.0,42896855,42897149
42897149,41.870636,-87.673223,1303924041.0,42897000,42897267
42897267,41.870903,-87.67321,1303924046.0,42897149,42897424
42897424,41.871132,-87.673224,1303924051.0,42897267,42897475
42897475,41.871514,-87.673418,1303924075.0,42897424,None
