58961960,41.869357,-87.675613,1302655149.0,None,58962530
58962530,41.869323,-87.675876,1302655172.0,58961960,58962608
58962608,41.869296,-87.676166,1302655175.0,58962530,58962657
58962657,41.869284,-87.676413,1302655177.0,58962608,58962710
58962710,41.86926,-87.676711,1302655179.0,58962657,58962763
58962763,41.869238,-87.677043,1302655181.0,58962710,58962817
58962817,41.869224,-87.677391,1302655183.0,58962763,58962868
58962868,41.869226,-87.677759,1302655185.0,58962817,58962926
58962926,41.869233,-87.678135,1302655187.0,58962868,58962977
58962977,41.869233,-87.678508,1302655189.0,58962926,58963014
58963014,41.869227,-87.678896,1302655191.0,58962977,58963071
58963071,41.869218,-87.679293,1302655193.0,58963014,58963130
58963130,41.869207,-87.679674,1302655195.0,58963071,58963188
58963188,41.869187,-87.680019,1302655197.0,58963130,58963239
58963239,41.869173,-87.680289,1302655199.0,58963188,58963340
58963340,41.869136,-87.680557,1302655203.0,58963239,58964105
58964105,41.869151,-87.680842,1302655230.0,58963340,58964156
58964156,41.869156,-87.681173,1302655233.0,58964105,58964216
58964216,41.869149,-87.681448,1302655235.0,58964156,58964278
58964278,41.869141,-87.681765,1302655237.0,58964216,58964342
58964342,41.869135,-87.682109,1302655239.0,58964278,58964404
58964404,41.869126,-87.682476,1302655241.0,58964342,58964461
58964461,41.869107,-87.682821,1302655243.0,58964404,58964514
58964514,41.869079,-87.683131,1302655245.0,58964461,58964573
58964573,41.869049,-87.68339,1302655247.0,58964514,58964694
58964694,41.869018,-87.683641,1302655251.0,58964573,58965591
58965591,41.869078,-87.683919,1302655280.0,58964694,58965728
58965728,41.869203,-87.684185,1302655284.0,58965591,58965921
58965921,41.869252,-87.68442,1302655290.0,58965728,58966073
58966073,41.869263,-87.684696,1302655295.0,58965921,58966183
58966183,41.869283,-87.685002,1302655298.0,58966073,58966291
58966291,41.869319,-87.685293,1302655301.0,58966183,58966418
58966418,41.869286,-87.685531,1302655305.0,58966291,58966674
58966674,41.869235,-87.685794,1302655313.0,58966418,58966816
58966816,41.86937,-87.685957,1302655317.0,58966674,58966916
58966916,41.869617,-87.686,1302655320.0,58966816,58966986
58966986,41.869837,-87.686015,1302655322.0,58966916,58967058
58967058,41.870091,-87.686025,1302655324.0,58966986,58967127
58967127,41.870366,-87.686036,1302655326.0,58967058,58967190
58967190,41.870659,-87.686047,1302655328.0,58967127,58967258
58967258,41.870965,-87.686055,1302655330.0,58967190,58967328
58967328,41.871257,-87.686074,1302655332.0,58967258,58967397
58967397,41.871545,-87.686083,1302655334.0,58967328,58967464
58967464,41.871813,-87.6861,1302655336.0,58967397,58967535
58967535,41.872055,-87.686113,1302655338.0,58967464,58967602
58967602,41.872296,-87.686113,1302655340.0,58967535,58967671
58967671,41.87256,-87.686119,1302655342.0,58967602,58967744
58967744,41.872838,-87.686128,1302655344.0,58967671,58967811
58967811,41.873098,-87.686143,1302655346.0,58967744,58967881
58967881,41.873335,-87.686154,1302655348.0,58967811,58967949
58967949,41.873539,-87.686153,1302655350.0,58967881,58968053
58968053,41.873762,-87.686151,1302655353.0,58967949,58968803
58968803,41.873939,-87.685996,1302655374.0,58968053,58968918
58968918,41.873928,-87.685733,1302655377.0,58968803,58969035
58969035,41.87392,-87.685363,1302655380.0,58968918,58969113
58969113,41.873916,-87.685064,1302655382.0,58969035,58969182
58969182,41.873913,-87.684739,1302655384.0,58969113,58969245
58969245,41.873916,-87.684411,1302655386.0,58969182,58969314
58969314,41.873922,-87.684091,1302655388.0,58969245,58969388
58969388,41.873924,-87.683751,1302655390.0,58969314,58969461
58969461,41.873927,-87.683388,1302655392.0,58969388,58969527
58969527,41.873934,-87.682993,1302655394.0,58969461,58969605
58969605,41.873936,-87.682579,1302655396.0,58969527,58969683
58969683,41.873932,-87.682186,1302655398.0,58969605,58969753
58969753,41.873933,-87.681858,1302655400.0,58969683,58969860
58969860,41.873934,-87.681556,1302655403.0,58969753,58970049
58970049,41.873943,-87.68127,1302655408.0,58969860,58970158
58970158,41.873954,-87.680958,1302655411.0,58970049,58970234
58970234,41.873962,-87.680692,1302655413.0,58970158,58970307
58970307,41.873966,-87.680389,1302655415.0,58970234,58970387
58970387,41.873966,-87.680051,1302655417.0,58970307,58970454
58970454,41.873968,-87.679684,1302655419.0,58970387,58970525
58970525,41.873973,-87.679299,1302655421.0,58970454,58970587
58970587,41.873977,-87.67892,1302655423.0,58970525,58970659
58970659,41.873978,-87.678555,1302655425.0,58970587,58970730
58970730,41.873984,-87.678209,1302655427.0,58970659,58970806
58970806,41.87399,-87.677886,1302655429.0,58970730,58970883
58970883,41.873993,-87.677577,1302655431.0,58970806,58970962
58970962,41.873997,-87.67729,1302655433.0,58970883,58971024
58971024,41.873992,-87.677048,1302655435.0,58970962,58971141
58971141,41.873962,-87.676778,1302655438.0,58971024,58971794
58971794,41.873922,-87.676527,1302655459.0,58971141,58971929
58971929,41.873692,-87.676485,1302655463.0,58971794,58972034
58972034,41.873424,-87.676453,1302655466.0,58971929,58972137
58972137,41.873171,-87.676436,1302655469.0,58972034,58972598
58972598,41.872987,-87.676444,1302655482.0,58972137,58972785
58972785,41.872766,-87.676425,1302655487.0,58972598,58972902
58972902,41.872507,-87.676415,1302655490.0,58972785,58972971
58972971,41.87229,-87.676408,1302655492.0,58972902,58973040
58973040,41.872075,-87.676386,1302655494.0,58972971,58973099
58973099,41.871879,-87.676357,1302655496.0,58973040,58973206
58973206,41.871637,-87.676338,1302655499.0,58973099,58973355
58973355,41.871439,-87.676261,1302655503.0,58973206,58973505
58973505,41.871437,-87.675946,1302655507.0,58973355,58973618
58973618,41.871449,-87.675588,1302655510.0,58973505,58973688
58973688,41.871465,-87.675173,1302655513.0,58973618,58973765
58973765,41.871467,-87.674912,1302655515.0,58973688,58973866
58973866,41.871448,-87.67458,1302655518.0,58973765,58974345
58974345,41.871477,-87.674314,1302655531.0,58973866,58974491
58974491,41.871496,-87.673999,1302655535.0,58974345,58974857
58974857,41.871488,-87.673708,1302655545.0,58974491,58974997
58974997,41.871494,-87.67342,1302655549.0,58974857,58975876
58975876,41.871502,-87.673127,1302655573.0,58974997,58975987
58975987,41.871528,-87.672821,1302655576.0,58975876,58976058
58976058,41.871545,-87.672568,1302655578.0,58975987,58976133
58976133,41.871553,-87.672283,1302655580.0,58976058,58976217
58976217,41.871542,-87.672004,1302655582.0,58976133,58976331
58976331,41.871533,-87.671695,1302655585.0,58976217,58977122
58977122,41.871526,-87.671421,1302655608.0,58976331,58977236
58977236,41.871528,-87.671135,1302655611.0,58977122,58977309
58977309,41.871535,-87.670883,1302655613.0,58977236,58977389
58977389,41.871537,-87.670619,1302655615.0,58977309,58977501
58977501,41.871533,-87.67029,1302655618.0,58977389,58977623
58977623,41.871544,-87.670027,1302655622.0,58977501,58978198
58978198,41.871557,-87.669744,1302655638.0,58977623,58978406
58978406,41.871594,-87.669461,1302655644.0,58978198,58978625
58978625,41.871463,-87.669245,1302655650.0,58978406,58978734
58978734,41.871262,-87.669227,1302655653.0,58978625,58978810
58978810,41.871081,-87.669206,1302655655.0,58978734,58978877
58978877,41.870868,-87.669188,1302655657.0,58978810,58978947
58978947,41.870629,-87.66916,1302655659.0,58978877,58979006
58979006,41.870372,-87.669128,1302655661.0,58978947,58979083
58979083,41.870114,-87.669114,1302655663.0,58979006,58979159
58979159,41.869867,-87.669103,1302655665.0,58979083,58979234
58979234,41.86965,-87.669093,1302655667.0,58979159,58979351
58979351,41.869417,-87.669082,1302655670.0,58979234,58979695
58979695,41.869185,-87.669065,1302655680.0,58979351,58979809
58979809,41.868989,-87.669007,1302655683.0,58979695,58979925
58979925,41.868718,-87.668945,1302655686.0,58979809,58980007
58980007,41.868515,-87.668895,1302655688.0,58979925,58980084
58980084,41.868279,-87.668866,1302655690.0,58980007,58980164
58980164,41.86802,-87.668846,1302655692.0,58980084,58980245
58980245,41.867772,-87.668844,1302655694.0,58980164,58980314
58980314,41.867549,-87.66885,1302655696.0,58980245,58980419
58980419,41.867308,-87.668871,1302655699.0,58980314,58980740
58980740,41.867116,-87.668895,1302655708.0,58980419,58980859
58980859,41.866931,-87.668889,1302655711.0,58980740,58981012
58981012,41.866778,-87.668743,1302655715.0,58980859,58981143
58981143,41.866787,-87.668455,1302655719.0,58981012,58981179
58981179,41.866769,-87.668109,1302655722.0,58981143,58981187
58981187,41.86676,-87.667801,1302655724.0,58981179,58981197
58981197,41.866758,-87.667498,1302655726.0,58981187,58981209
58981209,41.866751,-87.667241,1302655728.0,58981197,58981236
58981236,41.866741,-87.666979,1302655732.0,58981209,58981286
58981286,41.866745,-87.666713,1302655738.0,58981236,58981314
58981314,41.866746,-87.666396,1302655741.0,58981286,58981334
58981334,41.866748,-87.66613,1302655743.0,58981314,58981354
58981354,41.866748,-87.665863,1302655745.0,58981334,58981376
58981376,41.866752,-87.665613,1302655747.0,58981354,58981398
58981398,41.86676,-87.665338,1302655749.0,58981376,58981421
58981421,41.866765,-87.665032,1302655751.0,58981398,58981445
58981445,41.866774,-87.664699,1302655753.0,58981421,58981469
58981469,41.86678,-87.664346,1302655755.0,58981445,58981494
58981494,41.866785,-87.664002,1302655757.0,58981469,58981520
58981520,41.866793,-87.663665,1302655759.0,58981494,58981546
58981546,41.866801,-87.663315,1302655761.0,58981520,58981573
58981573,41.866809,-87.662967,1302655763.0,58981546,58981601
58981601,41.866813,-87.662641,1302655765.0,58981573,58981629
58981629,41.866818,-87.662336,1302655767.0,58981601,58981657
58981657,41.866821,-87.662034,1302655769.0,58981629,58981685
58981685,41.866827,-87.661709,1302655771.0,58981657,58981712
58981712,41.866835,-87.661367,1302655773.0,58981685,58981742
58981742,41.866839,-87.661014,1302655775.0,58981712,58981775
58981775,41.866845,-87.660656,1302655777.0,58981742,58981805
58981805,41.866852,-87.660288,1302655779.0,58981775,58981837
58981837,41.86686,-87.659907,1302655781.0,58981805,58981868
58981868,41.866867,-87.659513,1302655783.0,58981837,58981901
58981901,41.866871,-87.659125,1302655785.0,58981868,58981934
58981934,41.866872,-87.658752,1302655787.0,58981901,58981966
58981966,41.866878,-87.658386,1302655789.0,58981934,58981998
58981998,41.866885,-87.658023,1302655791.0,58981966,58982033
58982033,41.866889,-87.657664,1302655793.0,58981998,58982070
58982070,41.866897,-87.657316,1302655795.0,58982033,58982105
58982105,41.866907,-87.656968,1302655797.0,58982070,58982140
58982140,41.866913,-87.656594,1302655799.0,58982105,58982175
58982175,41.866919,-87.656195,1302655801.0,58982140,58982213
58982213,41.866925,-87.655776,1302655803.0,58982175,58982250
58982250,41.86693,-87.655362,1302655805.0,58982213,58982289
58982289,41.866935,-87.654968,1302655807.0,58982250,58982325
58982325,41.866941,-87.654582,1302655809.0,58982289,58982363
58982363,41.866946,-87.654192,1302655811.0,58982325,58982398
58982398,41.866953,-87.653814,1302655813.0,58982363,58982437
58982437,41.866955,-87.653466,1302655815.0,58982398,58982476
58982476,41.866961,-87.653131,1302655817.0,58982437,58982515
58982515,41.86697,-87.652779,1302655819.0,58982476,58982557
58982557,41.866977,-87.652411,1302655821.0,58982515,58982596
58982596,41.866983,-87.652052,1302655823.0,58982557,58982638
58982638,41.866987,-87.651747,1302655825.0,58982596,58982678
58982678,41.867008,-87.651497,1302655827.0,58982638,58982734
58982734,41.867028,-87.651227,1302655830.0,58982678,None
