65438558,41.869137,-87.666669,1301766713.0,None,65439480
65439480,41.869164,-87.666381,1301766742.0,65438558,65439585
65439585,41.869194,-87.666072,1301766745.0,65439480,65439657
65439657,41.869213,-87.665825,1301766747.0,65439585,65439729
65439729,41.869225,-87.66557,1301766749.0,65439657,65439800
65439800,41.869233,-87.665317,1301766751.0,65439729,65439871
65439871,41.869243,-87.665073,1301766753.0,65439800,65439971
65439971,41.869251,-87.664731,1301766756.0,65439871,65440075
65440075,41.869253,-87.66447,1301766759.0,65439971,65440220
65440220,41.869249,-87.664218,1301766764.0,65440075,65440547
65440547,41.869287,-87.663968,1301766773.0,65440220,65440646
65440646,41.869301,-87.663677,1301766776.0,65440547,65440736
65440736,41.869316,-87.663338,1301766779.0,65440646,65440804
65440804,41.869321,-87.663092,1301766781.0,65440736,65440881
65440881,41.869325,-87.662841,1301766783.0,65440804,65440988
65440988,41.869331,-87.662498,1301766786.0,65440881,65441087
65441087,41.869326,-87.66223,1301766789.0,65440988,65441287
65441287,41.869318,-87.66198,1301766795.0,65441087,65441706
65441706,41.869327,-87.661681,1301766808.0,65441287,65441818
65441818,41.869345,-87.661394,1301766811.0,65441706,65441926
65441926,41.869372,-87.661044,1301766814.0,65441818,65442020
65442020,41.869384,-87.660704,1301766817.0,65441926,65442126
65442126,41.869384,-87.66036,1301766820.0,65442020,65442188
65442188,41.869389,-87.660116,1301766822.0,65442126,65442259
65442259,41.869395,-87.659862,1301766824.0,65442188,65442327
65442327,41.86939,-87.659595,1301766826.0,65442259,65442401
65442401,41.869387,-87.659333,1301766828.0,65442327,65442474
65442474,41.869384,-87.659073,1301766830.0,65442401,65442548
65442548,41.869371,-87.658807,1301766832.0,65442474,65442617
65442617,41.869377,-87.658545,1301766834.0,65442548,65442685
65442685,41.869369,-87.658272,1301766836.0,65442617,65442759
65442759,41.869372,-87.658005,1301766838.0,65442685,65442826
65442826,41.869367,-87.657741,1301766840.0,65442759,65442891
65442891,41.869358,-87.657494,1301766842.0,65442826,65442980
65442980,41.869358,-87.657166,1301766845.0,65442891,65442993
65442993,41.869372,-87.65688,1301766849.0,65442980,65443066
65443066,41.86947,-87.656664,1301766860.0,65442993,65443101
65443101,41.869686,-87.656692,1301766864.0,65443066,65443130
65443130,41.869924,-87.656714,1301766867.0,65443101,65443160
65443160,41.870192,-87.656742,1301766870.0,65443130,65443182
65443182,41.870384,-87.656745,1301766872.0,65443160,65443204
65443204,41.870578,-87.656751,1301766874.0,65443182,65443227
65443227,41.870767,-87.656754,1301766876.0,65443204,65443251
65443251,41.87097,-87.656756,1301766878.0,65443227,65443275
65443275,41.871171,-87.656765,1301766880.0,65443251,65443300
65443300,41.871383,-87.656787,1301766882.0,65443275,65443326
65443326,41.871583,-87.656806,1301766884.0,65443300,65443352
65443352,41.871764,-87.65682,1301766886.0,65443326,65443393
65443393,41.871988,-87.656833,1301766889.0,65443352,65443521
65443521,41.8722,-87.656831,1301766899.0,65443393,65443532
65443532,41.872406,-87.656805,1301766902.0,65443521,65443548
65443548,41.872682,-87.656771,1301766905.0,65443532,65443560
65443560,41.872875,-87.656738,1301766907.0,65443548,65443574
65443574,41.873071,-87.656707,1301766909.0,65443560,65443589
65443589,41.87327,-87.656679,1301766911.0,65443574,65443605
65443605,41.873458,-87.656674,1301766913.0,65443589,65443631
65443631,41.873694,-87.656694,1301766916.0,65443605,65443679
65443679,41.873882,-87.656733,1301766921.0,65443631,65443766
65443766,41.874062,-87.656721,1301766929.0,65443679,65443864
65443864,41.874235,-87.656654,1301766937.0,65443766,65443918
65443918,41.87427,-87.656403,1301766941.0,65443864,65443959
65443959,41.874275,-87.656066,1301766944.0,65443918,65443988
65443988,41.874277,-87.655808,1301766946.0,65443959,65444017
65444017,41.87428,-87.655545,1301766948.0,65443988,65444045
65444045,41.874279,-87.655278,1301766950.0,65444017,65444075
65444075,41.874281,-87.655009,1301766952.0,65444045,65444107
65444107,41.874276,-87.654734,1301766954.0,65444075,65444135
65444135,41.874281,-87.654471,1301766956.0,65444107,65444166
65444166,41.874284,-87.654213,1301766958.0,65444135,65444199
65444199,41.874292,-87.653957,1301766960.0,65444166,65444232
65444232,41.874295,-87.6537,1301766962.0,65444199,65444265
65444265,41.874298,-87.653443,1301766964.0,65444232,65444315
65444315,41.874302,-87.653095,1301766967.0,65444265,65444368
65444368,41.874299,-87.652812,1301766970.0,65444315,65444438
65444438,41.874304,-87.652491,1301766974.0,65444368,65444530
65444530,41.8743,-87.652213,1301766979.0,65444438,65444642
65444642,41.874274,-87.65197,1301766985.0,65444530,65444701
65444701,41.874286,-87.651721,1301766988.0,65444642,65444756
65444756,41.874295,-87.651372,1301766991.0,65444701,65444797
65444797,41.874297,-87.651111,1301766993.0,65444756,65444836
65444836,41.8743,-87.650843,1301766995.0,65444797,65444880
65444880,41.874304,-87.650575,1301766997.0,65444836,65444919
65444919,41.874311,-87.650319,1301766999.0,65444880,65444957
65444957,41.874314,-87.650057,1301767001.0,65444919,65445000
65445000,41.87432,-87.649794,1301767003.0,65444957,65445042
65445042,41.874331,-87.649537,1301767005.0,65445000,65445084
65445084,41.874336,-87.64928,1301767007.0,65445042,65445117
65445117,41.874344,-87.649015,1301767009.0,65445084,65445154
65445154,41.874351,-87.648741,1301767011.0,65445117,65445195
65445195,41.874352,-87.648473,1301767013.0,65445154,65445242
65445242,41.874332,-87.648211,1301767015.0,65445195,65445288
65445288,41.874287,-87.647943,1301767017.0,65445242,65445352
65445352,41.874245,-87.647613,1301767020.0,65445288,65445441
65445441,41.874189,-87.647328,1301767024.0,65445352,65445532
65445532,41.874017,-87.647183,1301767028.0,65445441,65445592
65445592,41.8738,-87.647174,1301767031.0,65445532,65445621
65445621,41.87361,-87.647176,1301767033.0,65445592,65445662
65445662,41.873414,-87.647176,1301767035.0,65445621,65445683
65445683,41.873215,-87.647169,1301767037.0,65445662,65445708
65445708,41.873015,-87.647162,1301767039.0,65445683,65445742
65445742,41.872823,-87.647156,1301767041.0,65445708,65445798
65445798,41.872565,-87.647145,1301767044.0,65445742,65445862
65445862,41.872329,-87.647147,1301767047.0,65445798,65445939
65445939,41.872122,-87.647148,1301767050.0,65445862,65446010
65446010,41.871931,-87.647165,1301767053.0,65445939,65446087
65446087,41.871694,-87.647159,1301767056.0,65446010,65446137
65446137,41.871512,-87.647158,1301767058.0,65446087,65446184
65446184,41.871322,-87.647159,1301767060.0,65446137,65446233
65446233,41.871123,-87.647163,1301767062.0,65446184,65446284
65446284,41.870923,-87.64716,1301767064.0,65446233,65446332
65446332,41.87072,-87.647152,1301767066.0,65446284,65446376
65446376,41.87052,-87.647144,1301767068.0,65446332,65446431
65446431,41.870334,-87.647139,1301767070.0,65446376,65446514
65446514,41.870105,-87.647142,1301767073.0,65446431,65446610
65446610,41.869915,-87.647154,1301767077.0,65446514,65447183
65447183,41.869694,-87.647148,1301767098.0,65446610,65447259
65447259,41.869466,-87.647131,1301767101.0,65447183,65447313
65447313,41.86928,-87.647116,1301767103.0,65447259,65447366
65447366,41.869084,-87.647106,1301767105.0,65447313,65447420
65447420,41.868881,-87.647098,1301767107.0,65447366,65447474
65447474,41.868675,-87.647088,1301767109.0,65447420,65447533
65447533,41.868468,-87.647081,1301767111.0,65447474,65447596
65447596,41.868276,-87.647077,1301767113.0,65447533,65447681
65447681,41.868019,-87.647091,1301767116.0,65447596,65447762
65447762,41.867804,-87.647096,1301767119.0,65447681,None
