29130910,41.869117,-87.647096,1301945978.0,None,29131065
29131065,41.868928,-87.647086,1301946003.0,29130910,29131087
29131087,41.868727,-87.647079,1301946006.0,29131065,29131108
29131108,41.868475,-87.647072,1301946009.0,29131087,29131123
29131123,41.868292,-87.647069,1301946011.0,29131108,29131142
29131142,41.868029,-87.647085,1301946014.0,29131123,29131167
29131167,41.867789,-87.647092,1301946017.0,29131142,29131198
29131198,41.867587,-87.647085,1301946021.0,29131167,29131385
29131385,41.867407,-87.647074,1301946044.0,29131198,29131457
29131457,41.867229,-87.647221,1301946051.0,29131385,29131500
29131500,41.867201,-87.647542,1301946055.0,29131457,29131528
29131528,41.867196,-87.647866,1301946058.0,29131500,29131549
29131549,41.867192,-87.64811,1301946060.0,29131528,29131568
29131568,41.867186,-87.648364,1301946062.0,29131549,29131587
29131587,41.86718,-87.648626,1301946064.0,29131568,29131607
29131607,41.867177,-87.648891,1301946066.0,29131587,29131628
29131628,41.867173,-87.64916,1301946068.0,29131607,29131646
29131646,41.867168,-87.649434,1301946070.0,29131628,29131665
29131665,41.867164,-87.649712,1301946072.0,29131646,29131688
29131688,41.867157,-87.649993,1301946074.0,29131665,29131705
29131705,41.867149,-87.65028,1301946076.0,29131688,29131727
29131727,41.867143,-87.650572,1301946078.0,29131705,29131753
29131753,41.867136,-87.650868,1301946080.0,29131727,29131777
29131777,41.867129,-87.651168,1301946082.0,29131753,29131796
29131796,41.867125,-87.651478,1301946084.0,29131777,29131813
29131813,41.867119,-87.651796,1301946086.0,29131796,29131832
29131832,41.867112,-87.652119,1301946088.0,29131813,29131835
29131835,41.867105,-87.652446,1301946090.0,29131832,29131846
29131846,41.8671,-87.652773,1301946092.0,29131835,29131854
29131854,41.867093,-87.6531,1301946094.0,29131846,29131875
29131875,41.867087,-87.653424,1301946096.0,29131854,29131892
29131892,41.867079,-87.653748,1301946098.0,29131875,29131916
29131916,41.867073,-87.654071,1301946100.0,29131892,29131937
29131937,41.867069,-87.654384,1301946102.0,29131916,29131964
29131964,41.867064,-87.65468,1301946104.0,29131937,29131987
29131987,41.867042,-87.654924,1301946106.0,29131964,29132022
29132022,41.867035,-87.655236,1301946109.0,29131987,29132094
29132094,41.867029,-87.655487,1301946115.0,29132022,29132334
29132334,41.867032,-87.655757,1301946135.0,29132094,29132376
29132376,41.867029,-87.656025,1301946138.0,29132334,29132426
29132426,41.867024,-87.656356,1301946141.0,29132376,29132466
29132466,41.867018,-87.656713,1301946144.0,29132426,29132489
29132489,41.867013,-87.656963,1301946146.0,29132466,29132512
29132512,41.867008,-87.657223,1301946148.0,29132489,29132536
29132536,41.867,-87.65749,1301946150.0,29132512,29132564
29132564,41.866995,-87.657759,1301946152.0,29132536,29132590
29132590,41.866987,-87.658029,1301946154.0,29132564,29132623
29132623,41.866981,-87.658293,1301946156.0,29132590,29132653
29132653,41.866975,-87.658552,1301946158.0,29132623,29132678
29132678,41.866967,-87.658806,1301946160.0,29132653,29132698
29132698,41.866961,-87.659058,1301946162.0,29132678,29132731
29132731,41.866955,-87.659304,1301946164.0,29132698,29132774
29132774,41.866949,-87.659657,1301946167.0,29132731,29132818
29132818,41.866947,-87.659994,1301946170.0,29132774,29132857
29132857,41.866939,-87.660252,1301946173.0,29132818,29133217
29133217,41.866933,-87.660511,1301946197.0,29132857,29133276
29133276,41.866923,-87.660782,1301946202.0,29133217,29133329
29133329,41.866915,-87.661048,1301946205.0,29133276,29133373
29133373,41.86691,-87.661368,1301946208.0,29133329,29133402
29133402,41.866904,-87.66161,1301946210.0,29133373,29133425
29133425,41.866902,-87.661866,1301946212.0,29133402,29133452
29133452,41.866901,-87.662128,1301946214.0,29133425,29133482
29133482,41.866895,-87.662396,1301946216.0,29133452,29133510
29133510,41.866893,-87.662663,1301946218.0,29133482,29133539
29133539,41.866891,-87.662918,1301946220.0,29133510,29133573
29133573,41.866892,-87.663161,1301946222.0,29133539,29133601
29133601,41.86689,-87.663403,1301946224.0,29133573,29133632
29133632,41.866883,-87.663658,1301946226.0,29133601,29133656
29133656,41.866874,-87.663924,1301946228.0,29133632,29133682
29133682,41.86687,-87.664191,1301946230.0,29133656,29133711
29133711,41.866864,-87.664451,1301946232.0,29133682,29133742
29133742,41.866861,-87.664702,1301946234.0,29133711,29133793
29133793,41.866858,-87.665035,1301946237.0,29133742,29133846
29133846,41.866853,-87.665307,1301946240.0,29133793,29133950
29133950,41.866852,-87.665552,1301946247.0,29133846,29134181
29134181,41.866857,-87.665832,1301946260.0,29133950,29134227
29134227,41.866857,-87.666092,1301946263.0,29134181,29134276
29134276,41.866853,-87.666386,1301946266.0,29134227,29134322
29134322,41.86685,-87.666718,1301946269.0,29134276,29134366
29134366,41.866848,-87.667082,1301946272.0,29134322,29134406
29134406,41.866847,-87.667337,1301946274.0,29134366,29134440
29134440,41.866852,-87.667599,1301946276.0,29134406,29134474
29134474,41.866857,-87.667852,1301946278.0,29134440,29134517
29134517,41.866861,-87.668156,1301946281.0,29134474,29134581
29134581,41.866863,-87.668399,1301946285.0,29134517,29134855
29134855,41.866875,-87.668642,1301946300.0,29134581,29134916
29134916,41.866964,-87.668908,1301946305.0,29134855,29134922
29134922,41.867144,-87.668933,1301946308.0,29134916,29134933
29134933,41.867374,-87.668914,1301946311.0,29134922,29134943
29134943,41.867627,-87.668906,1301946314.0,29134933,29134951
29134951,41.86789,-87.668909,1301946317.0,29134943,29134961
29134961,41.86815,-87.668916,1301946320.0,29134951,29134976
29134976,41.868404,-87.668922,1301946323.0,29134961,29134994
29134994,41.868624,-87.668933,1301946326.0,29134976,29135011
29135011,41.868857,-87.668934,1301946330.0,29134994,29135032
29135032,41.869053,-87.668937,1301946334.0,29135011,29135094
29135094,41.869235,-87.668964,1301946345.0,29135032,29135134
29135134,41.869223,-87.669278,1301946351.0,29135094,29135156
29135156,41.869187,-87.669522,1301946354.0,29135134,29135179
29135179,41.869177,-87.669781,1301946357.0,29135156,29135205
29135205,41.869156,-87.67006,1301946360.0,29135179,29135233
29135233,41.869146,-87.67037,1301946363.0,29135205,29135253
29135253,41.869157,-87.670659,1301946366.0,29135233,29135279
29135279,41.869182,-87.670916,1301946369.0,29135253,29135320
29135320,41.869204,-87.671171,1301946374.0,29135279,None
