57532734,41.865757,-87.646921,1302528003.0,None,57533752
57533752,41.865564,-87.646905,1302528031.0,57532734,57533847
57533847,41.865367,-87.646893,1302528034.0,57533752,57533955
57533955,41.865131,-87.64687,1302528037.0,57533847,57534066
57534066,41.864874,-87.646848,1302528040.0,57533955,57534134
57534134,41.864691,-87.646848,1302528042.0,57534066,57534207
57534207,41.864502,-87.646847,1302528044.0,57534134,57534287
57534287,41.864308,-87.646842,1302528046.0,57534207,57534362
57534362,41.864113,-87.64684,1302528048.0,57534287,57534373
57534373,41.86392,-87.646833,1302528050.0,57534362,57534415
57534415,41.863727,-87.646824,1302528052.0,57534373,57534428
57534428,41.863533,-87.646814,1302528054.0,57534415,57534500
57534500,41.863331,-87.646809,1302528056.0,57534428,57534568
57534568,41.863131,-87.646801,1302528058.0,57534500,57534631
57534631,41.862937,-87.646793,1302528060.0,57534568,57534689
57534689,41.862753,-87.646782,1302528062.0,57534631,57534781
57534781,41.862526,-87.646774,1302528065.0,57534689,57535001
57535001,41.862334,-87.646774,1302528072.0,57534781,57535163
57535163,41.862274,-87.647002,1302528077.0,57535001,57535264
57535264,41.862292,-87.647258,1302528080.0,57535163,57535364
57535364,41.862297,-87.647612,1302528083.0,57535264,57535432
57535432,41.862297,-87.647856,1302528085.0,57535364,57535531
57535531,41.862301,-87.648204,1302528088.0,57535432,57535616
57535616,41.862308,-87.648464,1302528091.0,57535531,57535844
57535844,41.862315,-87.648862,1302528099.0,57535616,57535952
57535952,41.862306,-87.64914,1302528102.0,57535844,57536059
57536059,41.8623,-87.649437,1302528105.0,57535952,57536153
57536153,41.862305,-87.649758,1302528108.0,57536059,57536242
57536242,41.8623,-87.650101,1302528111.0,57536153,57536335
57536335,41.862294,-87.650414,1302528114.0,57536242,57536707
57536707,41.862305,-87.65066,1302528125.0,57536335,57536860
57536860,41.86246,-87.650798,1302528130.0,57536707,57536986
57536986,41.862639,-87.650834,1302528134.0,57536860,57537112
57537112,41.862848,-87.650871,1302528138.0,57536986,57537253
57537253,41.863054,-87.65088,1302528142.0,57537112,57537397
57537397,41.863242,-87.650878,1302528147.0,57537253,57537526
57537526,41.863439,-87.650869,1302528151.0,57537397,57537629
57537629,41.863624,-87.650872,1302528154.0,57537526,57537735
57537735,41.863859,-87.650876,1302528157.0,57537629,57537827
57537827,41.864125,-87.650878,1302528160.0,57537735,57537918
57537918,41.864345,-87.650857,1302528163.0,57537827,57538083
57538083,41.864541,-87.650862,1302528168.0,57537918,57538223
57538223,41.864795,-87.650871,1302528172.0,57538083,57538297
57538297,41.864975,-87.650884,1302528174.0,57538223,57538353
57538353,41.865193,-87.650898,1302528176.0,57538297,57538412
57538412,41.865433,-87.650911,1302528178.0,57538353,57538476
57538476,41.865679,-87.650926,1302528180.0,57538412,57538541
57538541,41.865921,-87.650937,1302528182.0,57538476,57538606
57538606,41.866152,-87.650939,1302528184.0,57538541,57538673
57538673,41.866354,-87.650938,1302528186.0,57538606,57538777
57538777,41.866582,-87.650945,1302528189.0,57538673,57539688
57539688,41.866773,-87.65096,1302528217.0,57538777,57539945
57539945,41.866964,-87.651017,1302528225.0,57539688,57540072
57540072,41.867081,-87.651241,1302528229.0,57539945,57540171
57540171,41.867075,-87.651529,1302528232.0,57540072,57540234
57540234,41.867071,-87.651792,1302528234.0,57540171,57540305
57540305,41.867071,-87.652094,1302528236.0,57540234,57540363
57540363,41.867074,-87.652387,1302528238.0,57540305,57540429
57540429,41.867082,-87.652633,1302528240.0,57540363,57540563
57540563,41.867097,-87.652907,1302528244.0,57540429,57541147
57541147,41.867152,-87.653182,1302528272.0,57540563,57541171
57541171,41.867154,-87.653481,1302528275.0,57541147,57541188
57541188,41.867145,-87.653746,1302528277.0,57541171,57541206
57541206,41.867138,-87.654058,1302528279.0,57541188,57541225
57541225,41.867118,-87.654398,1302528281.0,57541206,57541245
57541245,41.867094,-87.654767,1302528283.0,57541225,57541265
57541265,41.867074,-87.655156,1302528285.0,57541245,57541287
57541287,41.867063,-87.655535,1302528287.0,57541265,57541309
57541309,41.867052,-87.655879,1302528289.0,57541287,57541332
57541332,41.867052,-87.656167,1302528291.0,57541309,57541368
57541368,41.867066,-87.656448,1302528294.0,57541332,57541598
57541598,41.867176,-87.656649,1302528311.0,57541368,57541661
57541661,41.867364,-87.656662,1302528319.0,57541598,57541683
57541683,41.867581,-87.656674,1302528323.0,57541661,57541703
57541703,41.867776,-87.656677,1302528326.0,57541683,57541726
57541726,41.867966,-87.656666,1302528329.0,57541703,57541751
57541751,41.868163,-87.656666,1302528332.0,57541726,57541769
57541769,41.868415,-87.656674,1302528335.0,57541751,57541790
57541790,41.868604,-87.65667,1302528337.0,57541769,57541809
57541809,41.868796,-87.656663,1302528339.0,57541790,57541830
57541830,41.868986,-87.65667,1302528341.0,57541809,57541863
57541863,41.86924,-87.656686,1302528344.0,57541830,57541886
57541886,41.869426,-87.656706,1302528346.0,57541863,57541911
57541911,41.86965,-87.656706,1302528348.0,57541886,57541934
57541934,41.869909,-87.656709,1302528350.0,57541911,57541959
57541959,41.870182,-87.656713,1302528352.0,57541934,57541986
57541986,41.870459,-87.656721,1302528354.0,57541959,57542011
57542011,41.870721,-87.656732,1302528356.0,57541986,57542038
57542038,41.870968,-87.65674,1302528358.0,57542011,57542066
57542066,41.871214,-87.656744,1302528360.0,57542038,57542094
57542094,41.871452,-87.656748,1302528362.0,57542066,57542122
57542122,41.871668,-87.656747,1302528364.0,57542094,57542147
57542147,41.871863,-87.656742,1302528366.0,57542122,57542192
57542192,41.872072,-87.656758,1302528369.0,57542147,57542283
57542283,41.872273,-87.656738,1302528375.0,57542192,57542334
57542334,41.872472,-87.656738,1302528378.0,57542283,57542383
57542383,41.872675,-87.656707,1302528381.0,57542334,57542432
57542432,41.872936,-87.656697,1302528384.0,57542383,57542483
57542483,41.873188,-87.656719,1302528387.0,57542432,57542535
57542535,41.873384,-87.656746,1302528390.0,57542483,57542626
57542626,41.873576,-87.656729,1302528395.0,57542535,57542838
57542838,41.873754,-87.656694,1302528412.0,57542626,57543035
57543035,41.873938,-87.656695,1302528440.0,57542838,57543102
57543102,41.87412,-87.656614,1302528447.0,57543035,57543145
57543145,41.874176,-87.656376,1302528451.0,57543102,57543179
57543179,41.874203,-87.65609,1302528454.0,57543145,57543215
57543215,41.874221,-87.655729,1302528457.0,57543179,57543239
57543239,41.874232,-87.655469,1302528459.0,57543215,57543265
57543265,41.874237,-87.655217,1302528461.0,57543239,57543291
57543291,41.874249,-87.654964,1302528463.0,57543265,57543317
57543317,41.874251,-87.654716,1302528465.0,57543291,57543345
57543345,41.874254,-87.654474,1302528467.0,57543317,57543387
57543387,41.874257,-87.65414,1302528470.0,57543345,57543429
57543429,41.874257,-87.653807,1302528473.0,57543387,57543475
57543475,41.874249,-87.653455,1302528476.0,57543429,57543520
57543520,41.874241,-87.653111,1302528479.0,57543475,57543567
57543567,41.874226,-87.65279,1302528482.0,57543520,57543631
57543631,41.874214,-87.652488,1302528486.0,57543567,57543854
57543854,41.874223,-87.652231,1302528499.0,57543631,57543944
57543944,41.874256,-87.651919,1302528504.0,57543854,57543998
57543998,41.874308,-87.651653,1302528507.0,57543944,57544056
57544056,41.874343,-87.651281,1302528510.0,57543998,57544096
57544096,41.874361,-87.65098,1302528512.0,57544056,57544134
57544134,41.874368,-87.650657,1302528514.0,57544096,57544172
57544172,41.874383,-87.650321,1302528516.0,57544134,57544212
57544212,41.874398,-87.649989,1302528518.0,57544172,57544253
57544253,41.874403,-87.649655,1302528520.0,57544212,57544295
57544295,41.874412,-87.649316,1302528522.0,57544253,57544333
57544333,41.874429,-87.648999,1302528524.0,57544295,57544370
57544370,41.874431,-87.648724,1302528526.0,57544333,57544413
57544413,41.874414,-87.648478,1302528528.0,57544370,57544479
57544479,41.874391,-87.648224,1302528531.0,57544413,57544861
57544861,41.874337,-87.647974,1302528549.0,57544479,None
