17534035,41.872908,-87.676469,1302754152.0,None,17534365
17534365,41.872721,-87.676448,1302754170.0,17534035,17534417
17534417,41.872453,-87.676449,1302754173.0,17534365,17534457
17534457,41.872242,-87.676447,1302754175.0,17534417,17534497
17534497,41.872008,-87.676418,1302754177.0,17534457,17534537
17534537,41.871785,-87.676388,1302754179.0,17534497,17534579
17534579,41.871592,-87.676377,1302754181.0,17534537,17534651
17534651,41.871368,-87.676305,1302754184.0,17534579,17534722
17534722,41.871241,-87.676113,1302754187.0,17534651,17534787
17534787,41.871102,-87.675883,1302754190.0,17534722,17534855
17534855,41.87105,-87.675553,1302754193.0,17534787,17534960
17534960,41.871102,-87.675312,1302754197.0,17534855,17535247
17535247,41.871127,-87.675012,1302754209.0,17534960,17535319
17535319,41.871152,-87.674646,1302754212.0,17535247,17535367
17535367,41.871169,-87.674376,1302754214.0,17535319,17535437
17535437,41.87121,-87.674055,1302754217.0,17535367,17535516
17535516,41.871236,-87.673734,1302754220.0,17535437,17535566
17535566,41.87125,-87.673467,1302754222.0,17535516,17535619
17535619,41.871267,-87.673152,1302754224.0,17535566,17535674
17535674,41.871281,-87.672801,1302754226.0,17535619,17535729
17535729,41.871295,-87.672436,1302754228.0,17535674,17535778
17535778,41.871302,-87.672085,1302754230.0,17535729,17535833
17535833,41.871308,-87.671749,1302754232.0,17535778,17535886
17535886,41.87132,-87.671426,1302754234.0,17535833,17535936
17535936,41.87132,-87.671115,1302754236.0,17535886,17535989
17535989,41.871322,-87.670811,1302754238.0,17535936,17536042
17536042,41.871331,-87.670526,1302754240.0,17535989,17536124
17536124,41.871333,-87.670235,1302754243.0,17536042,17536501
17536501,41.871374,-87.669961,1302754257.0,17536124,17536588
17536588,41.871381,-87.669703,1302754260.0,17536501,17536697
17536697,41.871393,-87.669415,1302754264.0,17536588,17536834
17536834,41.871218,-87.669244,1302754269.0,17536697,17536917
17536917,41.870981,-87.669189,1302754272.0,17536834,17536973
17536973,41.870765,-87.669149,1302754274.0,17536917,17537030
17537030,41.870517,-87.66912,1302754276.0,17536973,17537085
17537085,41.870257,-87.669098,1302754278.0,17537030,17537146
17537146,41.87001,-87.669091,1302754280.0,17537085,17537203
17537203,41.869804,-87.669094,1302754282.0,17537146,17537291
17537291,41.869582,-87.669082,1302754285.0,17537203,17537436
17537436,41.869402,-87.669053,1302754290.0,17537291,17537610
17537610,41.869175,-87.668991,1302754296.0,17537436,17537685
17537685,41.868941,-87.668977,1302754299.0,17537610,17537784
17537784,41.86868,-87.668963,1302754302.0,17537685,17537850
17537850,41.868465,-87.668945,1302754304.0,17537784,17537912
17537912,41.8682,-87.668924,1302754306.0,17537850,17537960
17537960,41.867932,-87.668912,1302754308.0,17537912,17538024
17538024,41.867698,-87.668907,1302754310.0,17537960,17538083
17538083,41.867514,-87.668904,1302754312.0,17538024,17538204
17538204,41.867326,-87.668896,1302754316.0,17538083,17539011
17539011,41.867132,-87.668821,1302754342.0,17538204,17539144
17539144,41.866926,-87.668797,1302754346.0,17539011,17539285
17539285,41.86683,-87.668557,1302754350.0,17539144,17539386
17539386,41.866823,-87.668233,1302754353.0,17539285,17539442
17539442,41.866802,-87.667966,1302754355.0,17539386,17539508
17539508,41.866788,-87.667672,1302754357.0,17539442,17539569
17539569,41.866783,-87.667386,1302754359.0,17539508,17539668
17539668,41.866762,-87.667064,1302754362.0,17539569,17539830
17539830,41.866733,-87.666807,1302754367.0,17539668,17539957
17539957,41.866714,-87.666549,1302754371.0,17539830,17540012
17540012,41.866686,-87.666204,1302754374.0,17539957,17540019
17540019,41.866686,-87.665939,1302754376.0,17540012,17540028
17540028,41.866696,-87.665636,1302754378.0,17540019,17540039
17540039,41.866701,-87.665303,1302754380.0,17540028,17540051
17540051,41.866699,-87.664942,1302754382.0,17540039,17540065
17540065,41.866701,-87.664575,1302754384.0,17540051,17540080
17540080,41.866706,-87.664214,1302754386.0,17540065,17540096
17540096,41.866713,-87.663871,1302754388.0,17540080,17540113
17540113,41.86672,-87.663563,1302754390.0,17540096,17540128
17540128,41.866722,-87.663298,1302754392.0,17540113,17540156
17540156,41.866725,-87.662988,1302754395.0,17540128,17540188
17540188,41.866743,-87.662666,1302754398.0,17540156,17540208
17540208,41.866757,-87.662408,1302754400.0,17540188,17540231
17540231,41.866766,-87.662112,1302754402.0,17540208,17540254
17540254,41.86677,-87.661797,1302754404.0,17540231,17540277
17540277,41.866774,-87.661467,1302754406.0,17540254,17540302
17540302,41.866778,-87.661116,1302754408.0,17540277,17540327
17540327,41.866778,-87.660745,1302754410.0,17540302,17540352
17540352,41.866782,-87.660357,1302754412.0,17540327,17540379
17540379,41.866778,-87.659943,1302754414.0,17540352,17540406
17540406,41.86677,-87.659518,1302754416.0,17540379,17540433
17540433,41.86677,-87.659098,1302754418.0,17540406,17540461
17540461,41.866771,-87.658683,1302754420.0,17540433,17540491
17540491,41.866776,-87.658272,1302754422.0,17540461,17540519
17540519,41.866785,-87.657884,1302754424.0,17540491,17540544
17540544,41.866798,-87.657516,1302754426.0,17540519,17540575
17540575,41.86681,-87.657152,1302754428.0,17540544,17540609
17540609,41.866819,-87.656778,1302754430.0,17540575,17540638
17540638,41.866827,-87.656394,1302754432.0,17540609,17540668
17540668,41.866838,-87.655993,1302754434.0,17540638,17540701
17540701,41.866843,-87.655578,1302754436.0,17540668,17540737
17540737,41.866846,-87.655159,1302754438.0,17540701,17540768
17540768,41.866855,-87.654763,1302754440.0,17540737,17540801
17540801,41.866869,-87.654417,1302754442.0,17540768,17540835
17540835,41.866884,-87.654129,1302754444.0,17540801,17540890
17540890,41.866892,-87.653834,1302754447.0,17540835,17540977
17540977,41.866909,-87.653536,1302754452.0,17540890,17541033
17541033,41.866938,-87.653231,1302754455.0,17540977,17541071
17541071,41.866956,-87.652967,1302754457.0,17541033,17541108
17541108,41.866989,-87.652707,1302754459.0,17541071,17541146
17541146,41.867015,-87.652417,1302754461.0,17541108,17541185
17541185,41.867027,-87.652105,1302754463.0,17541146,17541225
17541225,41.867029,-87.651821,1302754465.0,17541185,17541265
17541265,41.867046,-87.651575,1302754467.0,17541225,17541343
17541343,41.867054,-87.651308,1302754471.0,17541265,17541820
17541820,41.867151,-87.651072,1302754494.0,17541343,17541892
17541892,41.867354,-87.651029,1302754497.0,17541820,17541917
17541917,41.867564,-87.651027,1302754499.0,17541892,17541944
17541944,41.867808,-87.651041,1302754501.0,17541917,17541981
17541981,41.868081,-87.651044,1302754503.0,17541944,17542000
17542000,41.868363,-87.651056,1302754505.0,17541981,17542037
17542037,41.868645,-87.651074,1302754507.0,17542000,17542076
17542076,41.868909,-87.651094,1302754509.0,17542037,17542116
17542116,41.869135,-87.651124,1302754511.0,17542076,17542185
17542185,41.869352,-87.651144,1302754514.0,17542116,17542655
17542655,41.869507,-87.650948,1302754535.0,17542185,17542723
17542723,41.869489,-87.650611,1302754538.0,17542655,17542755
17542755,41.869486,-87.650327,1302754540.0,17542723,17542804
17542804,41.869492,-87.650005,1302754542.0,17542755,17542855
17542855,41.8695,-87.649651,1302754544.0,17542804,17542907
17542907,41.869506,-87.649291,1302754546.0,17542855,17542961
17542961,41.869511,-87.648935,1302754548.0,17542907,17543003
17543003,41.869518,-87.648574,1302754550.0,17542961,17543050
17543050,41.869519,-87.648215,1302754552.0,17543003,17543100
17543100,41.869524,-87.647858,1302754554.0,17543050,17543153
17543153,41.869529,-87.647545,1302754556.0,17543100,17543209
17543209,41.869524,-87.647299,1302754558.0,17543153,17543284
17543284,41.869434,-87.64706,1302754561.0,17543209,17543358
17543358,41.869229,-87.647034,1302754564.0,17543284,17543436
17543436,41.868947,-87.647053,1302754567.0,17543358,17543490
17543490,41.868708,-87.647052,1302754569.0,17543436,17543545
17543545,41.86844,-87.647047,1302754571.0,17543490,17543599
17543599,41.86817,-87.647042,1302754573.0,17543545,17543650
17543650,41.867917,-87.647052,1302754575.0,17543599,17543698
17543698,41.867699,-87.647073,1302754577.0,17543650,17543781
17543781,41.867458,-87.647089,1302754580.0,17543698,17544233
17544233,41.867273,-87.647103,1302754597.0,17543781,17544350
17544350,41.867189,-87.647348,1302754601.0,17544233,17544409
17544409,41.867171,-87.64759,1302754603.0,17544350,17544461
17544461,41.867147,-87.647875,1302754605.0,17544409,17544517
17544517,41.867128,-87.648219,1302754607.0,17544461,17544569
17544569,41.867106,-87.648608,1302754609.0,17544517,17544624
17544624,41.867094,-87.649044,1302754611.0,17544569,17544682
17544682,41.867086,-87.649498,1302754613.0,17544624,17544740
17544740,41.867084,-87.649936,1302754615.0,17544682,17544802
17544802,41.867074,-87.650348,1302754617.0,17544740,17544857
17544857,41.867064,-87.650718,1302754619.0,17544802,17544919
17544919,41.867051,-87.651013,1302754621.0,17544857,17545006
17545006,41.867018,-87.651282,1302754624.0,17544919,17545125
17545125,41.866795,-87.651262,1302754628.0,17545006,17545189
17545189,41.866615,-87.651209,1302754630.0,17545125,17545255
17545255,41.866393,-87.651173,1302754632.0,17545189,17545317
17545317,41.866131,-87.651146,1302754634.0,17545255,17545380
17545380,41.865841,-87.651123,1302754636.0,17545317,17545437
17545437,41.865557,-87.651118,1302754638.0,17545380,17545494
17545494,41.865297,-87.651118,1302754640.0,17545437,17545557
17545557,41.865079,-87.651122,1302754642.0,17545494,17545648
17545648,41.864858,-87.651111,1302754645.0,17545557,17545804
17545804,41.864653,-87.651087,1302754650.0,17545648,17545896
17545896,41.864398,-87.651062,1302754653.0,17545804,17545954
17545954,41.864196,-87.651039,1302754655.0,17545896,17546019
17546019,41.863911,-87.651014,1302754658.0,17545954,17546118
17546118,41.863717,-87.651008,1302754661.0,17546019,17546460
17546460,41.863545,-87.650895,1302754672.0,17546118,17546665
17546665,41.863561,-87.650622,1302754678.0,17546460,17546796
17546796,41.863593,-87.650324,1302754683.0,17546665,17547023
17547023,41.863692,-87.650119,1302754690.0,17546796,None
