41472859,41.871586,-87.671562,1303824639.0,None,41472887
41472887,41.871586,-87.671285,1303824642.0,41472859,41472917
41472917,41.871591,-87.670973,1303824645.0,41472887,41472945
41472945,41.871595,-87.67067,1303824648.0,41472917,41472966
41472966,41.8716,-87.67039,1303824651.0,41472945,41473014
41473014,41.871592,-87.670116,1303824655.0,41472966,41473186
41473186,41.871625,-87.669876,1303824673.0,41473014,41473276
41473276,41.871656,-87.669631,1303824680.0,41473186,41473384
41473384,41.871651,-87.669343,1303824687.0,41473276,41473555
41473555,41.871511,-87.66915,1303824697.0,41473384,41473626
41473626,41.871281,-87.669135,1303824701.0,41473555,41473679
41473679,41.871042,-87.669108,1303824704.0,41473626,41473739
41473739,41.870769,-87.669085,1303824707.0,41473679,41473777
41473777,41.870578,-87.669074,1303824709.0,41473739,41473811
41473811,41.870387,-87.669068,1303824711.0,41473777,41473852
41473852,41.870202,-87.669057,1303824713.0,41473811,41473891
41473891,41.870019,-87.669062,1303824715.0,41473852,41473951
41473951,41.869766,-87.669062,1303824718.0,41473891,41474005
41474005,41.869563,-87.669059,1303824721.0,41473951,41474257
41474257,41.869375,-87.669084,1303824733.0,41474005,41474390
41474390,41.869153,-87.669062,1303824739.0,41474257,41474454
41474454,41.868944,-87.669054,1303824742.0,41474390,41474503
41474503,41.868695,-87.669045,1303824745.0,41474454,41474544
41474544,41.86851,-87.669036,1303824747.0,41474503,41474595
41474595,41.868326,-87.669023,1303824749.0,41474544,41474645
41474645,41.86812,-87.669013,1303824751.0,41474595,41474689
41474689,41.867911,-87.669011,1303824753.0,41474645,41474734
41474734,41.867721,-87.669004,1303824755.0,41474689,41474801
41474801,41.867458,-87.668993,1303824758.0,41474734,41474875
41474875,41.867206,-87.668989,1303824761.0,41474801,41474944
41474944,41.866989,-87.668967,1303824764.0,41474875,41475037
41475037,41.866844,-87.668739,1303824768.0,41474944,41475108
41475108,41.866847,-87.668492,1303824771.0,41475037,41475189
41475189,41.866846,-87.668176,1303824774.0,41475108,41475236
41475236,41.866848,-87.667929,1303824776.0,41475189,41475281
41475281,41.866851,-87.667656,1303824778.0,41475236,41475328
41475328,41.866854,-87.667362,1303824780.0,41475281,41475379
41475379,41.86686,-87.667062,1303824782.0,41475328,41475432
41475432,41.866864,-87.666767,1303824784.0,41475379,41475489
41475489,41.866863,-87.666478,1303824786.0,41475432,41475541
41475541,41.866862,-87.666192,1303824788.0,41475489,41475569
41475569,41.866865,-87.665902,1303824790.0,41475541,41475597
41475597,41.86687,-87.665606,1303824792.0,41475569,41475622
41475622,41.866877,-87.665302,1303824794.0,41475597,41475660
41475660,41.866882,-87.664991,1303824796.0,41475622,41475703
41475703,41.866887,-87.664675,1303824798.0,41475660,41475753
41475753,41.866889,-87.664358,1303824800.0,41475703,41475797
41475797,41.866893,-87.664035,1303824802.0,41475753,41475844
41475844,41.8669,-87.663711,1303824804.0,41475797,41475889
41475889,41.866908,-87.663384,1303824806.0,41475844,41475937
41475937,41.866912,-87.663059,1303824808.0,41475889,41475993
41475993,41.866916,-87.662737,1303824810.0,41475937,41476047
41476047,41.866924,-87.662414,1303824812.0,41475993,41476102
41476102,41.866929,-87.662085,1303824814.0,41476047,41476146
41476146,41.866933,-87.661758,1303824816.0,41476102,41476203
41476203,41.866943,-87.661433,1303824818.0,41476146,41476255
41476255,41.866948,-87.661107,1303824820.0,41476203,41476309
41476309,41.866953,-87.660783,1303824822.0,41476255,41476363
41476363,41.866956,-87.660461,1303824824.0,41476309,41476420
41476420,41.86696,-87.660144,1303824826.0,41476363,41476473
41476473,41.866964,-87.659834,1303824828.0,41476420,41476529
41476529,41.866969,-87.659525,1303824830.0,41476473,41476586
41476586,41.866974,-87.659216,1303824832.0,41476529,41476639
41476639,41.866981,-87.658909,1303824834.0,41476586,41476697
41476697,41.866987,-87.658612,1303824836.0,41476639,41476758
41476758,41.86699,-87.658346,1303824838.0,41476697,41476844
41476844,41.866998,-87.658007,1303824841.0,41476758,41476962
41476962,41.867005,-87.657701,1303824845.0,41476844,41477295
41477295,41.86701,-87.657436,1303824857.0,41476962,41477450
41477450,41.867014,-87.657134,1303824862.0,41477295,41477536
41477536,41.867016,-87.656851,1303824865.0,41477450,41477616
41477616,41.867025,-87.656519,1303824868.0,41477536,41477678
41477678,41.867031,-87.656272,1303824870.0,41477616,41477744
41477744,41.867037,-87.656013,1303824872.0,41477678,41477809
41477809,41.86704,-87.655748,1303824874.0,41477744,41477872
41477872,41.867044,-87.655487,1303824876.0,41477809,41477938
41477938,41.867049,-87.655238,1303824878.0,41477872,41478023
41478023,41.867057,-87.654883,1303824881.0,41477938,41478108
41478108,41.867063,-87.654531,1303824884.0,41478023,41478195
41478195,41.867074,-87.65394,1303824889.0,41478108,41478261
41478261,41.867081,-87.653573,1303824892.0,41478195,41478323
41478323,41.867085,-87.653319,1303824894.0,41478261,41478378
41478378,41.867089,-87.653054,1303824896.0,41478323,41478437
41478437,41.86709,-87.652781,1303824898.0,41478378,41478497
41478497,41.867093,-87.652502,1303824900.0,41478437,41478549
41478549,41.867098,-87.65222,1303824902.0,41478497,41478618
41478618,41.867102,-87.651947,1303824904.0,41478549,41478714
41478714,41.867116,-87.651605,1303824907.0,41478618,41478793
41478793,41.867136,-87.651307,1303824910.0,41478714,41478897
41478897,41.867154,-87.651049,1303824923.0,41478793,41478936
41478936,41.867344,-87.651006,1303824928.0,41478897,41478963
41478963,41.867538,-87.651011,1303824931.0,41478936,41478986
41478986,41.867772,-87.65102,1303824934.0,41478963,41479015
41479015,41.868035,-87.651028,1303824937.0,41478986,41479034
41479034,41.868223,-87.651035,1303824939.0,41479015,41479056
41479056,41.868405,-87.651042,1303824941.0,41479034,41479068
41479068,41.86876,-87.651054,1303824945.0,41479056,41479089
41479089,41.86894,-87.65106,1303824947.0,41479068,41479120
41479120,41.869189,-87.651087,1303824950.0,41479089,41479169
41479169,41.869395,-87.651113,1303824954.0,41479120,41479296
41479296,41.869513,-87.650898,1303824966.0,41479169,41479341
41479341,41.869503,-87.650655,1303824969.0,41479296,41479388
41479388,41.869498,-87.650342,1303824972.0,41479341,41479437
41479437,41.869499,-87.64998,1303824975.0,41479388,41479469
41479469,41.869501,-87.649713,1303824977.0,41479437,41479501
41479501,41.869503,-87.649449,1303824979.0,41479469,41479535
41479535,41.869502,-87.649197,1303824981.0,41479501,41479586
41479586,41.869511,-87.64887,1303824984.0,41479535,41479877
41479877,41.869533,-87.648612,1303825000.0,41479586,41480251
41480251,41.869558,-87.648303,1303825029.0,41479877,41480305
41480305,41.869569,-87.647984,1303825033.0,41480251,41480359
41480359,41.869578,-87.64768,1303825036.0,41480305,41480427
41480427,41.869585,-87.647398,1303825039.0,41480359,None
