71806101,41.871455,-87.674864,1302874339.0,None,71806225
71806225,41.871484,-87.674618,1302874343.0,71806101,71806330
71806330,41.871488,-87.674331,1302874346.0,71806225,71806436
71806436,41.871496,-87.674039,1302874349.0,71806330,71806612
71806612,41.871497,-87.673796,1302874354.0,71806436,71806743
71806743,41.8715,-87.673545,1302874358.0,71806612,71807713
71807713,41.871519,-87.673276,1302874387.0,71806743,71807884
71807884,41.871528,-87.672961,1302874392.0,71807713,71807983
71807983,41.871535,-87.672701,1302874395.0,71807884,71808088
71808088,41.871526,-87.672415,1302874398.0,71807983,71808191
71808191,41.871521,-87.672098,1302874401.0,71808088,71808293
71808293,41.871529,-87.67175,1302874404.0,71808191,71808393
71808393,41.871536,-87.671405,1302874407.0,71808293,71808493
71808493,41.87156,-87.671064,1302874410.0,71808393,71808591
71808591,41.871566,-87.670747,1302874413.0,71808493,71808736
71808736,41.871541,-87.670464,1302874417.0,71808591,71809381
71809381,41.871566,-87.670193,1302874436.0,71808736,71809454
71809454,41.871588,-87.66995,1302874442.0,71809381,71809496
71809496,41.871634,-87.669676,1302874449.0,71809454,71809527
71809527,41.871636,-87.669419,1302874453.0,71809496,71809591
71809591,41.871586,-87.669184,1302874460.0,71809527,71809654
71809654,41.871378,-87.669109,1302874466.0,71809591,71809712
71809712,41.871132,-87.669089,1302874471.0,71809654,71809748
71809748,41.870867,-87.669075,1302874474.0,71809712,71809774
71809774,41.87065,-87.669062,1302874476.0,71809748,71809800
71809800,41.870416,-87.66905,1302874478.0,71809774,71809826
71809826,41.870193,-87.669042,1302874480.0,71809800,71809854
71809854,41.869965,-87.669033,1302874482.0,71809826,71809882
71809882,41.869733,-87.669021,1302874484.0,71809854,71809910
71809910,41.869537,-87.669006,1302874486.0,71809882,71809954
71809954,41.869341,-87.668991,1302874489.0,71809910,71810072
71810072,41.869114,-87.668971,1302874497.0,71809954,71810119
71810119,41.868903,-87.668969,1302874500.0,71810072,71810151
71810151,41.868713,-87.668963,1302874502.0,71810119,71810183
71810183,41.868496,-87.668956,1302874504.0,71810151,71810218
71810218,41.868287,-87.668953,1302874506.0,71810183,71810250
71810250,41.868091,-87.668953,1302874508.0,71810218,71810301
71810301,41.867825,-87.668943,1302874511.0,71810250,71810356
71810356,41.867566,-87.66894,1302874514.0,71810301,71810407
71810407,41.86733,-87.668933,1302874517.0,71810356,71810482
71810482,41.867133,-87.668932,1302874521.0,71810407,71810586
71810586,41.866944,-87.668926,1302874527.0,71810482,71810668
71810668,41.866756,-87.668887,1302874531.0,71810586,71810738
71810738,41.866711,-87.668642,1302874535.0,71810668,71810799
71810799,41.866727,-87.668313,1302874538.0,71810738,71810842
71810842,41.86674,-87.66807,1302874540.0,71810799,71810904
71810904,41.866755,-87.66774,1302874543.0,71810842,71810960
71810960,41.866766,-87.667441,1302874546.0,71810904,71811025
71811025,41.866778,-87.667154,1302874549.0,71810960,71811085
71811085,41.866786,-87.666859,1302874552.0,71811025,71811151
71811151,41.866789,-87.666535,1302874555.0,71811085,71811218
71811218,41.866794,-87.666193,1302874558.0,71811151,71811259
71811259,41.866798,-87.665948,1302874560.0,71811218,71811303
71811303,41.866804,-87.665683,1302874562.0,71811259,71811347
71811347,41.866813,-87.665402,1302874564.0,71811303,71811392
71811392,41.866823,-87.665114,1302874566.0,71811347,71811441
71811441,41.866828,-87.664814,1302874568.0,71811392,71811487
71811487,41.866833,-87.664505,1302874570.0,71811441,71811521
71811521,41.866839,-87.664184,1302874572.0,71811487,71811568
71811568,41.866847,-87.663862,1302874574.0,71811521,71811609
71811609,41.866854,-87.663535,1302874576.0,71811568,71811643
71811643,41.866862,-87.663202,1302874578.0,71811609,71811686
71811686,41.866868,-87.662867,1302874580.0,71811643,71811720
71811720,41.866873,-87.662534,1302874582.0,71811686,71811738
71811738,41.866877,-87.662208,1302874584.0,71811720,71811768
71811768,41.86688,-87.661892,1302874586.0,71811738,71811803
71811803,41.866881,-87.661581,1302874588.0,71811768,71811845
71811845,41.866885,-87.661274,1302874590.0,71811803,71811894
71811894,41.86689,-87.660978,1302874592.0,71811845,71811945
71811945,41.866893,-87.66069,1302874594.0,71811894,71811991
71811991,41.866898,-87.660397,1302874596.0,71811945,71812042
71812042,41.866905,-87.660089,1302874598.0,71811991,71812088
71812088,41.86691,-87.659764,1302874600.0,71812042,71812131
71812131,41.866918,-87.659436,1302874602.0,71812088,71812180
71812180,41.866928,-87.659112,1302874604.0,71812131,71812220
71812220,41.86693,-87.658787,1302874606.0,71812180,71812269
71812269,41.866934,-87.658466,1302874608.0,71812220,71812319
71812319,41.866941,-87.65815,1302874610.0,71812269,71812376
71812376,41.866949,-87.657822,1302874612.0,71812319,71812427
71812427,41.866958,-87.657479,1302874614.0,71812376,71812474
71812474,41.866966,-87.656978,1302874617.0,71812427,71812525
71812525,41.86697,-87.656659,1302874619.0,71812474,71812579
71812579,41.866976,-87.656352,1302874621.0,71812525,71812631
71812631,41.866978,-87.656049,1302874623.0,71812579,71812684
71812684,41.866982,-87.655747,1302874625.0,71812631,71812733
71812733,41.866987,-87.655449,1302874627.0,71812684,71812783
71812783,41.866992,-87.655159,1302874629.0,71812733,71812837
71812837,41.866997,-87.654881,1302874631.0,71812783,71812885
71812885,41.867,-87.654611,1302874633.0,71812837,71812937
71812937,41.867004,-87.654347,1302874635.0,71812885,71812987
71812987,41.86701,-87.654088,1302874637.0,71812937,71813039
71813039,41.867015,-87.653833,1302874639.0,71812987,71813093
71813093,41.867019,-87.653588,1302874641.0,71813039,71813179
71813179,41.867023,-87.653231,1302874644.0,71813093,71813239
71813239,41.867029,-87.652974,1302874646.0,71813179,71813291
71813291,41.86704,-87.652699,1302874648.0,71813239,71813342
71813342,41.867049,-87.652272,1302874651.0,71813291,71813394
71813394,41.867051,-87.651997,1302874653.0,71813342,71813450
71813450,41.867057,-87.651749,1302874655.0,71813394,71813540
71813540,41.867088,-87.65145,1302874658.0,71813450,71813696
71813696,41.867096,-87.651203,1302874664.0,71813540,71814534
71814534,41.867217,-87.650993,1302874693.0,71813696,71814649
71814649,41.867457,-87.650963,1302874697.0,71814534,71814742
71814742,41.867676,-87.650971,1302874700.0,71814649,71814834
71814834,41.867928,-87.650984,1302874703.0,71814742,71814927
71814927,41.868179,-87.650995,1302874706.0,71814834,71815019
71815019,41.86844,-87.651001,1302874709.0,71814927,71815082
71815082,41.868623,-87.651009,1302874711.0,71815019,71815140
71815140,41.868811,-87.651016,1302874713.0,71815082,71815203
71815203,41.868998,-87.651023,1302874715.0,71815140,71815267
71815267,41.869225,-87.651053,1302874718.0,71815203,71815462
71815462,41.869405,-87.65106,1302874724.0,71815267,71815649
71815649,41.869489,-87.65076,1302874730.0,71815462,71815741
71815741,41.869473,-87.650413,1302874733.0,71815649,71815803
71815803,41.869475,-87.65013,1302874735.0,71815741,71815867
71815867,41.869476,-87.649837,1302874737.0,71815803,71815935
71815935,41.869472,-87.649549,1302874739.0,71815867,71816005
71816005,41.869471,-87.649279,1302874741.0,71815935,71816067
71816067,41.86947,-87.649025,1302874743.0,71816005,71816177
71816177,41.869473,-87.648683,1302874746.0,71816067,71816274
71816274,41.869474,-87.648431,1302874749.0,71816177,71817071
71817071,41.86949,-87.648154,1302874773.0,71816274,71817167
71817167,41.869502,-87.647837,1302874777.0,71817071,71817178
71817178,41.869514,-87.647582,1302874780.0,71817167,71817200
71817200,41.869523,-87.647314,1302874784.0,71817178,71817277
71817277,41.8695,-87.647055,1302874794.0,71817200,71817325
71817325,41.869255,-87.647017,1302874799.0,71817277,71817356
71817356,41.868987,-87.647039,1302874802.0,71817325,71817378
71817378,41.868796,-87.647037,1302874804.0,71817356,71817400
71817400,41.868506,-87.647036,1302874807.0,71817378,71817426
71817426,41.868317,-87.647041,1302874809.0,71817400,71817450
71817450,41.868133,-87.647052,1302874811.0,71817426,71817487
71817487,41.867897,-87.647075,1302874814.0,71817450,71817527
71817527,41.867707,-87.647088,1302874817.0,71817487,None
