18246360,41.871616,-87.671561,1302826682.0,None,18246478
18246478,41.871601,-87.67132,1302826686.0,18246360,18246574
18246574,41.871593,-87.670984,1302826689.0,18246478,18246637
18246637,41.87159,-87.670725,1302826691.0,18246574,18246691
18246691,41.871589,-87.670462,1302826693.0,18246637,18246746
18246746,41.871591,-87.670208,1302826695.0,18246691,18246806
18246806,41.871592,-87.669954,1302826697.0,18246746,18246862
18246862,41.871598,-87.669696,1302826699.0,18246806,18246920
18246920,41.871599,-87.669454,1302826701.0,18246862,18247010
18247010,41.871597,-87.669202,1302826704.0,18246920,18247460
18247460,41.871437,-87.669024,1302826719.0,18247010,18247551
18247551,41.871239,-87.669031,1302826722.0,18247460,18247651
18247651,41.870965,-87.66902,1302826725.0,18247551,18247710
18247710,41.870742,-87.669002,1302826727.0,18247651,18247772
18247772,41.870496,-87.668981,1302826729.0,18247710,18247839
18247839,41.870242,-87.668965,1302826731.0,18247772,18247902
18247902,41.869997,-87.668963,1302826733.0,18247839,18247964
18247964,41.869766,-87.668974,1302826735.0,18247902,18248024
18248024,41.869565,-87.668992,1302826737.0,18247964,18248118
18248118,41.869338,-87.669003,1302826740.0,18248024,18248307
18248307,41.869131,-87.669027,1302826746.0,18248118,18248442
18248442,41.868882,-87.669007,1302826750.0,18248307,18248511
18248511,41.8687,-87.668986,1302826752.0,18248442,18248573
18248573,41.86848,-87.668967,1302826754.0,18248511,18248636
18248636,41.868222,-87.668954,1302826756.0,18248573,18248700
18248700,41.867943,-87.668941,1302826758.0,18248636,18248765
18248765,41.867675,-87.668935,1302826760.0,18248700,18248832
18248832,41.867434,-87.66893,1302826762.0,18248765,18248899
18248899,41.867237,-87.668927,1302826764.0,18248832,18249006
18249006,41.867047,-87.668931,1302826767.0,18248899,18249980
18249980,41.866831,-87.668895,1302826796.0,18249006,18250161
18250161,41.866722,-87.668684,1302826801.0,18249980,18250253
18250253,41.866735,-87.668396,1302826804.0,18250161,18250322
18250322,41.86674,-87.668129,1302826806.0,18250253,18250394
18250394,41.86675,-87.667817,1302826808.0,18250322,18250455
18250455,41.866757,-87.667503,1302826810.0,18250394,18250525
18250525,41.866754,-87.667224,1302826812.0,18250455,18250625
18250625,41.866749,-87.666907,1302826815.0,18250525,18250772
18250772,41.866754,-87.666655,1302826819.0,18250625,18250878
18250878,41.866761,-87.666395,1302826822.0,18250772,18250951
18250951,41.866771,-87.666148,1302826824.0,18250878,18251022
18251022,41.866781,-87.665855,1302826826.0,18250951,18251092
18251092,41.86679,-87.665524,1302826828.0,18251022,18251159
18251159,41.866799,-87.66516,1302826830.0,18251092,18251226
18251226,41.866807,-87.664771,1302826832.0,18251159,18251294
18251294,41.866812,-87.664368,1302826834.0,18251226,18251366
18251366,41.866817,-87.663956,1302826836.0,18251294,18251443
18251443,41.866822,-87.663551,1302826838.0,18251366,18251526
18251526,41.86683,-87.663164,1302826840.0,18251443,18251602
18251602,41.866839,-87.662794,1302826842.0,18251526,18251679
18251679,41.866845,-87.662441,1302826844.0,18251602,18251753
18251753,41.866852,-87.662106,1302826846.0,18251679,18251829
18251829,41.866861,-87.661774,1302826848.0,18251753,18251900
18251900,41.866867,-87.661443,1302826850.0,18251829,18251973
18251973,41.866872,-87.661095,1302826852.0,18251900,18252048
18252048,41.866879,-87.660748,1302826854.0,18251973,18252119
18252119,41.866887,-87.660408,1302826856.0,18252048,18252187
18252187,41.866894,-87.660081,1302826858.0,18252119,18252266
18252266,41.866897,-87.659769,1302826860.0,18252187,18252339
18252339,41.866901,-87.659469,1302826862.0,18252266,18252411
18252411,41.866905,-87.659172,1302826864.0,18252339,18252483
18252483,41.866905,-87.658874,1302826866.0,18252411,18252554
18252554,41.866909,-87.658565,1302826868.0,18252483,18252591
18252591,41.866917,-87.658247,1302826870.0,18252554,18252664
18252664,41.866922,-87.65792,1302826872.0,18252591,18252739
18252739,41.866927,-87.657597,1302826874.0,18252664,18252817
18252817,41.866933,-87.657276,1302826876.0,18252739,18252894
18252894,41.866938,-87.656949,1302826878.0,18252817,18252968
18252968,41.866942,-87.656626,1302826880.0,18252894,18253017
18253017,41.866948,-87.6563,1302826882.0,18252968,18253090
18253090,41.866956,-87.655958,1302826884.0,18253017,18253127
18253127,41.866967,-87.655612,1302826886.0,18253090,18253182
18253182,41.866969,-87.655271,1302826888.0,18253127,18253242
18253242,41.866971,-87.65493,1302826890.0,18253182,18253307
18253307,41.866977,-87.654601,1302826892.0,18253242,18253377
18253377,41.866989,-87.654311,1302826894.0,18253307,18253483
18253483,41.866986,-87.654026,1302826897.0,18253377,18253784
18253784,41.867043,-87.65367,1302826907.0,18253483,18253882
18253882,41.867073,-87.65338,1302826910.0,18253784,18253933
18253933,41.8671,-87.652874,1302826914.0,18253882,18254007
18254007,41.867103,-87.652578,1302826916.0,18253933,18254054
18254054,41.867104,-87.652142,1302826919.0,18254007,18254164
18254164,41.867091,-87.651839,1302826922.0,18254054,18254404
18254404,41.867123,-87.651573,1302826929.0,18254164,18254634
18254634,41.867115,-87.651313,1302826935.0,18254404,18255077
18255077,41.867168,-87.651076,1302826947.0,18254634,18255220
18255220,41.867384,-87.651016,1302826951.0,18255077,18255334
18255334,41.867642,-87.651025,1302826954.0,18255220,18255408
18255408,41.867854,-87.65104,1302826956.0,18255334,18255487
18255487,41.868081,-87.651058,1302826958.0,18255408,18255559
18255559,41.868322,-87.651061,1302826960.0,18255487,18255634
18255634,41.868576,-87.651066,1302826962.0,18255559,18255703
18255703,41.868822,-87.651078,1302826964.0,18255634,18255779
18255779,41.869052,-87.651094,1302826966.0,18255703,18255853
18255853,41.869244,-87.651113,1302826968.0,18255779,18255949
18255949,41.869435,-87.65112,1302826971.0,18255853,18256615
18256615,41.86958,-87.650902,1302826989.0,18255949,18256721
18256721,41.869559,-87.650607,1302826992.0,18256615,18256797
18256797,41.869549,-87.650343,1302826994.0,18256721,18256875
18256875,41.869545,-87.650036,1302826996.0,18256797,18256953
18256953,41.869545,-87.6497,1302826998.0,18256875,18257022
18257022,41.869548,-87.649351,1302827000.0,18256953,18257096
18257096,41.869543,-87.649017,1302827002.0,18257022,18257169
18257169,41.869531,-87.648734,1302827004.0,18257096,18257282
18257282,41.869519,-87.648446,1302827007.0,18257169,None
