95400097,41.869436,-87.673256,1303326799.0,None,95400269
95400269,41.869394,-87.673539,1303326805.0,95400097,95400390
95400390,41.869351,-87.673797,1303326809.0,95400269,95400512
95400512,41.869317,-87.674101,1303326813.0,95400390,95400601
95400601,41.869322,-87.674392,1303326816.0,95400512,95400697
95400697,41.869321,-87.674739,1303326819.0,95400601,95400762
95400762,41.869315,-87.675014,1303326821.0,95400697,95400826
95400826,41.869312,-87.675281,1303326823.0,95400762,95400912
95400912,41.869306,-87.67562,1303326826.0,95400826,95401032
95401032,41.869301,-87.675908,1303326830.0,95400912,95401332
95401332,41.869351,-87.676162,1303326839.0,95401032,95401438
95401438,41.869584,-87.676166,1303326843.0,95401332,95401533
95401533,41.869832,-87.676159,1303326846.0,95401438,95401632
95401632,41.870103,-87.676178,1303326849.0,95401533,95401701
95401701,41.870286,-87.676198,1303326851.0,95401632,95401767
95401767,41.870482,-87.676209,1303326853.0,95401701,95401831
95401831,41.870682,-87.676217,1303326855.0,95401767,95401895
95401895,41.87088,-87.676224,1303326857.0,95401831,95401958
95401958,41.871061,-87.676233,1303326859.0,95401895,95402055
95402055,41.871278,-87.676236,1303326862.0,95401958,95402199
95402199,41.871466,-87.676191,1303326866.0,95402055,95402335
95402335,41.8715,-87.67595,1303326870.0,95402199,95402436
95402436,41.871488,-87.675655,1303326873.0,95402335,95402529
95402529,41.871479,-87.675358,1303326876.0,95402436,95403459
95403459,41.871486,-87.675076,1303326903.0,95402529,95403592
95403592,41.871503,-87.674729,1303326907.0,95403459,95403690
95403690,41.871523,-87.674382,1303326910.0,95403592,95403793
95403793,41.871526,-87.674087,1303326913.0,95403690,95404006
95404006,41.871517,-87.673838,1303326919.0,95403793,95404179
95404179,41.871529,-87.673547,1303326924.0,95404006,95405059
95405059,41.871492,-87.673248,1303326949.0,95404179,95405149
95405149,41.871503,-87.672972,1303326952.0,95405059,95405251
95405251,41.871517,-87.67264,1303326955.0,95405149,95405365
95405365,41.871529,-87.672321,1303326958.0,95405251,95405477
95405477,41.871531,-87.672068,1303326961.0,95405365,95405678
95405678,41.871542,-87.671818,1303326967.0,95405477,95406657
95406657,41.871616,-87.671565,1303326995.0,95405678,95406869
95406869,41.871815,-87.671511,1303327001.0,95406657,95406975
95406975,41.872033,-87.671544,1303327004.0,95406869,95407089
95407089,41.872294,-87.671564,1303327007.0,95406975,95407161
95407161,41.872475,-87.671572,1303327009.0,95407089,95407228
95407228,41.872663,-87.671576,1303327011.0,95407161,95407295
95407295,41.872856,-87.671573,1303327013.0,95407228,95407356
95407356,41.873043,-87.671572,1303327015.0,95407295,95407456
95407456,41.873302,-87.671577,1303327018.0,95407356,95407559
95407559,41.873534,-87.671576,1303327021.0,95407456,95407669
95407669,41.873733,-87.671555,1303327024.0,95407559,95407807
95407807,41.873922,-87.671566,1303327028.0,95407669,95408192
95408192,41.87409,-87.67143,1303327039.0,95407807,95408338
95408338,41.874096,-87.671143,1303327043.0,95408192,95408445
95408445,41.874102,-87.670879,1303327046.0,95408338,95408548
95408548,41.874113,-87.670614,1303327049.0,95408445,95408642
95408642,41.87411,-87.670326,1303327052.0,95408548,95408749
95408749,41.874112,-87.670037,1303327055.0,95408642,95408859
95408859,41.874111,-87.669773,1303327058.0,95408749,95409006
95409006,41.874128,-87.669488,1303327062.0,95408859,95409110
95409110,41.874165,-87.66923,1303327065.0,95409006,95409210
95409210,41.874215,-87.668889,1303327068.0,95409110,95409271
95409271,41.874229,-87.668632,1303327070.0,95409210,95409336
95409336,41.874228,-87.668363,1303327072.0,95409271,95409407
95409407,41.874226,-87.66809,1303327074.0,95409336,95409474
95409474,41.874231,-87.667834,1303327076.0,95409407,95409590
95409590,41.874235,-87.667542,1303327079.0,95409474,95409682
95409682,41.874225,-87.667258,1303327083.0,95409590,95409784
95409784,41.874202,-87.666988,1303327088.0,95409682,95410651
95410651,41.874273,-87.666736,1303327115.0,95409784,95410749
95410749,41.874275,-87.66645,1303327118.0,95410651,95410816
95410816,41.874271,-87.666203,1303327120.0,95410749,95410872
95410872,41.874277,-87.665924,1303327122.0,95410816,95410940
95410940,41.874273,-87.665611,1303327124.0,95410872,95411006
95411006,41.874272,-87.66527,1303327126.0,95410940,95411077
95411077,41.874268,-87.664909,1303327128.0,95411006,95411153
95411153,41.874265,-87.664548,1303327130.0,95411077,95411227
95411227,41.874256,-87.664197,1303327132.0,95411153,95411295
95411295,41.874244,-87.663856,1303327134.0,95411227,95411365
95411365,41.874234,-87.663518,1303327136.0,95411295,95411431
95411431,41.874231,-87.663197,1303327138.0,95411365,95411498
95411498,41.874233,-87.662912,1303327140.0,95411431,95411555
95411555,41.874231,-87.662658,1303327142.0,95411498,95411652
95411652,41.874235,-87.662327,1303327145.0,95411555,95411756
95411756,41.874239,-87.661989,1303327148.0,95411652,95411866
95411866,41.874243,-87.661618,1303327151.0,95411756,95411944
95411944,41.874242,-87.66133,1303327153.0,95411866,95412017
95412017,41.874235,-87.661002,1303327155.0,95411944,95412083
95412083,41.874232,-87.660651,1303327157.0,95412017,95412149
95412149,41.87423,-87.660278,1303327159.0,95412083,95412210
95412210,41.874229,-87.659909,1303327161.0,95412149,95412271
95412271,41.874229,-87.659553,1303327163.0,95412210,95412338
95412338,41.874227,-87.659206,1303327165.0,95412271,95412411
95412411,41.874222,-87.658879,1303327167.0,95412338,95412478
95412478,41.874218,-87.658569,1303327169.0,95412411,95412550
95412550,41.874218,-87.658283,1303327171.0,95412478,95412623
95412623,41.87422,-87.658036,1303327173.0,95412550,95412716
95412716,41.874223,-87.657698,1303327176.0,95412623,95412810
95412810,41.874225,-87.657418,1303327179.0,95412716,95413553
95413553,41.874219,-87.657174,1303327201.0,95412810,95413703
95413703,41.874232,-87.65687,1303327205.0,95413553,95413806
95413806,41.874247,-87.656535,1303327208.0,95413703,95413869
95413869,41.874253,-87.656281,1303327210.0,95413806,95413933
95413933,41.874256,-87.656008,1303327212.0,95413869,95414006
95414006,41.874258,-87.65571,1303327214.0,95413933,95414075
95414075,41.874259,-87.655387,1303327216.0,95414006,95414144
95414144,41.874257,-87.655048,1303327218.0,95414075,95414214
95414214,41.87426,-87.654696,1303327220.0,95414144,95414284
95414284,41.874267,-87.654344,1303327222.0,95414214,95414362
95414362,41.874272,-87.653999,1303327224.0,95414284,95414428
95414428,41.874276,-87.653667,1303327226.0,95414362,95414491
95414491,41.87428,-87.653356,1303327228.0,95414428,95414559
95414559,41.87429,-87.65306,1303327230.0,95414491,95414626
95414626,41.874293,-87.652803,1303327232.0,95414559,95414735
95414735,41.874307,-87.652469,1303327235.0,95414626,95414867
95414867,41.874303,-87.652186,1303327239.0,95414735,None
