87559027,41.87444,-87.651656,1302113275.0,None,87559281
87559281,41.874431,-87.651966,1302113283.0,87559027,87559385
87559385,41.874427,-87.65229,1302113286.0,87559281,87559450
87559450,41.874423,-87.652539,1302113288.0,87559385,87559516
87559516,41.874418,-87.652794,1302113290.0,87559450,87559580
87559580,41.87441,-87.653058,1302113292.0,87559516,87559641
87559641,41.874397,-87.653337,1302113294.0,87559580,87559698
87559698,41.87439,-87.653628,1302113296.0,87559641,87559764
87559764,41.87438,-87.653921,1302113298.0,87559698,87559831
87559831,41.874366,-87.654245,1302113300.0,87559764,87559901
87559901,41.874362,-87.654593,1302113302.0,87559831,87559972
87559972,41.874354,-87.654939,1302113304.0,87559901,87560036
87560036,41.874346,-87.655285,1302113306.0,87559972,87560101
87560101,41.874337,-87.655635,1302113308.0,87560036,87560163
87560163,41.874328,-87.655972,1302113310.0,87560101,87560221
87560221,41.874324,-87.656292,1302113312.0,87560163,87560281
87560281,41.874322,-87.656599,1302113314.0,87560221,87560349
87560349,41.874317,-87.65688,1302113316.0,87560281,87560456
87560456,41.874325,-87.657209,1302113319.0,87560349,87560602
87560602,41.874327,-87.65746,1302113323.0,87560456,87561180
87561180,41.874323,-87.657739,1302113340.0,87560602,87561288
87561288,41.874316,-87.658065,1302113343.0,87561180,87561353
87561353,41.874308,-87.658331,1302113345.0,87561288,87561415
87561415,41.874304,-87.658623,1302113347.0,87561353,87561482
87561482,41.874303,-87.658943,1302113349.0,87561415,87561552
87561552,41.8743,-87.659281,1302113351.0,87561482,87561624
87561624,41.874296,-87.65963,1302113353.0,87561552,87561695
87561695,41.874293,-87.659986,1302113355.0,87561624,87561772
87561772,41.874289,-87.660348,1302113357.0,87561695,87561850
87561850,41.874283,-87.660713,1302113359.0,87561772,87561918
87561918,41.874273,-87.66107,1302113361.0,87561850,87561982
87561982,41.87427,-87.661417,1302113363.0,87561918,87562049
87562049,41.874265,-87.661759,1302113365.0,87561982,87562117
87562117,41.87426,-87.662106,1302113367.0,87562049,87562186
87562186,41.874255,-87.662453,1302113369.0,87562117,87562264
87562264,41.874247,-87.662809,1302113371.0,87562186,87562340
87562340,41.874239,-87.66317,1302113373.0,87562264,87562417
87562417,41.87424,-87.663535,1302113375.0,87562340,87562491
87562491,41.874248,-87.663898,1302113377.0,87562417,87562564
87562564,41.874257,-87.664253,1302113379.0,87562491,87562639
87562639,41.874261,-87.664597,1302113381.0,87562564,87562716
87562716,41.874264,-87.66493,1302113383.0,87562639,87562785
87562785,41.874263,-87.665243,1302113385.0,87562716,87562850
87562850,41.874262,-87.665536,1302113387.0,87562785,87562925
87562925,41.874256,-87.665788,1302113389.0,87562850,87563031
87563031,41.874248,-87.666043,1302113392.0,87562925,87563222
87563222,41.87427,-87.666339,1302113397.0,87563031,87563372
87563372,41.87427,-87.666593,1302113401.0,87563222,87563485
87563485,41.874242,-87.666838,1302113404.0,87563372,87563589
87563589,41.874238,-87.667122,1302113407.0,87563485,87563696
87563696,41.874216,-87.667468,1302113410.0,87563589,87563805
87563805,41.874186,-87.667812,1302113413.0,87563696,87563914
87563914,41.874166,-87.668109,1302113416.0,87563805,87564025
87564025,41.874167,-87.66836,1302113419.0,87563914,87564140
87564140,41.874159,-87.668609,1302113422.0,87564025,87564399
87564399,41.873985,-87.668877,1302113429.0,87564140,87565186
87565186,41.873928,-87.669112,1302113453.0,87564399,87565586
87565586,41.873747,-87.669122,1302113465.0,87565186,87565693
87565693,41.873542,-87.669128,1302113468.0,87565586,87565854
87565854,41.873335,-87.669152,1302113472.0,87565693,87566108
87566108,41.873143,-87.669203,1302113480.0,87565854,87566392
87566392,41.872933,-87.669176,1302113488.0,87566108,87566504
87566504,41.872688,-87.669154,1302113491.0,87566392,87566578
87566578,41.872473,-87.669161,1302113493.0,87566504,87566644
87566644,41.872245,-87.66919,1302113495.0,87566578,87566716
87566716,41.872047,-87.669195,1302113498.0,87566644,87566894
87566894,41.871866,-87.669211,1302113503.0,87566716,87567209
87567209,41.871661,-87.669205,1302113512.0,87566894,87567310
87567310,41.871461,-87.669199,1302113515.0,87567209,87567414
87567414,41.871219,-87.669185,1302113518.0,87567310,87567487
87567487,41.87102,-87.669176,1302113520.0,87567414,87567563
87567563,41.870801,-87.669173,1302113522.0,87567487,87567639
87567639,41.870568,-87.669174,1302113524.0,87567563,87567712
87567712,41.870335,-87.669176,1302113526.0,87567639,87567785
87567785,41.870111,-87.669176,1302113528.0,87567712,87567850
87567850,41.869917,-87.669175,1302113530.0,87567785,87567953
87567953,41.869676,-87.669181,1302113533.0,87567850,87568097
87568097,41.869476,-87.669157,1302113537.0,87567953,87568439
87568439,41.869314,-87.669334,1302113547.0,87568097,87568535
87568535,41.8693,-87.669603,1302113550.0,87568439,87568636
87568636,41.869315,-87.669931,1302113553.0,87568535,87568747
87568747,41.869303,-87.670272,1302113556.0,87568636,87568852
87568852,41.86929,-87.670573,1302113559.0,87568747,87568989
87568989,41.869275,-87.670835,1302113563.0,87568852,87569194
87569194,41.869319,-87.671104,1302113569.0,87568989,87569490
87569490,41.869352,-87.671345,1302113577.0,87569194,87569943
87569943,41.869272,-87.671574,1302113590.0,87569490,87570197
87570197,41.86938,-87.671785,1302113597.0,87569943,87570298
87570298,41.869383,-87.672053,1302113600.0,87570197,87570403
87570403,41.869391,-87.6724,1302113603.0,87570298,87570472
87570472,41.869384,-87.672654,1302113605.0,87570403,87570570
87570570,41.869379,-87.672975,1302113608.0,87570472,87570678
87570678,41.869385,-87.673232,1302113611.0,87570570,87570846
87570846,41.869329,-87.673467,1302113616.0,87570678,87571657
87571657,41.869282,-87.673721,1302113639.0,87570846,87571794
87571794,41.869253,-87.674049,1302113643.0,87571657,87571895
87571895,41.869229,-87.674352,1302113646.0,87571794,87572005
87572005,41.86922,-87.674663,1302113649.0,87571895,87572083
87572083,41.869216,-87.674965,1302113652.0,87572005,87572195
87572195,41.869206,-87.675252,1302113655.0,87572083,87572305
87572305,41.869195,-87.675495,1302113658.0,87572195,87572480
87572480,41.86922,-87.67574,1302113663.0,87572305,87573074
87573074,41.86922,-87.675982,1302113680.0,87572480,87573318
87573318,41.869323,-87.676208,1302113687.0,87573074,87573448
87573448,41.869575,-87.676208,1302113691.0,87573318,87573555
87573555,41.869828,-87.676218,1302113694.0,87573448,87573631
87573631,41.870057,-87.676208,1302113696.0,87573555,87573701
87573701,41.870285,-87.676213,1302113698.0,87573631,87573769
87573769,41.870521,-87.676221,1302113700.0,87573701,87573839
87573839,41.870744,-87.676217,1302113702.0,87573769,87573909
87573909,41.870948,-87.676219,1302113704.0,87573839,87574011
87574011,41.871198,-87.676227,1302113707.0,87573909,87574156
87574156,41.87142,-87.676215,1302113711.0,87574011,87574360
87574360,41.871502,-87.675974,1302113717.0,87574156,87574498
87574498,41.871502,-87.675651,1302113721.0,87574360,87574603
87574603,41.871481,-87.675387,1302113724.0,87574498,87574746
87574746,41.871467,-87.675139,1302113728.0,87574603,87575478
87575478,41.871482,-87.674867,1302113752.0,87574746,87575601
87575601,41.871485,-87.674556,1302113756.0,87575478,87575742
87575742,41.871486,-87.674251,1302113760.0,87575601,87575885
87575885,41.871474,-87.673993,1302113764.0,87575742,87576101
87576101,41.871471,-87.673699,1302113770.0,87575885,87576232
87576232,41.87146,-87.673431,1302113774.0,87576101,87576850
87576850,41.871468,-87.673165,1302113803.0,87576232,87576947
87576947,41.87148,-87.672874,1302113806.0,87576850,87577057
87577057,41.871496,-87.672532,1302113809.0,87576947,87577175
87577175,41.871504,-87.672209,1302113812.0,87577057,87577276
87577276,41.871506,-87.671926,1302113815.0,87577175,87577454
87577454,41.871512,-87.671681,1302113820.0,87577276,87577878
87577878,41.871514,-87.671308,1302113835.0,87577454,87578021
87578021,41.871513,-87.670861,1302113841.0,87577878,87578127
87578127,41.871516,-87.670615,1302113844.0,87578021,87578292
87578292,41.871532,-87.670373,1302113849.0,87578127,87578453
87578453,41.871541,-87.670084,1302113854.0,87578292,87578592
87578592,41.871552,-87.669773,1302113858.0,87578453,87578747
87578747,41.871555,-87.669524,1302113862.0,87578592,87579014
87579014,41.871604,-87.669284,1302113870.0,87578747,87579392
87579392,41.871781,-87.66907,1302113882.0,87579014,87579454
87579454,41.872252,-87.669064,1302113888.0,87579392,87579564
87579564,41.872507,-87.669074,1302113891.0,87579454,87579667
87579667,41.872734,-87.669073,1302113894.0,87579564,87579804
87579804,41.872955,-87.669058,1302113898.0,87579667,87579943
87579943,41.873465,-87.669114,1302113906.0,87579804,87580032
87580032,41.873772,-87.66915,1302113910.0,87579943,87580103
87580103,41.874094,-87.669159,1302113916.0,87580032,87580306
87580306,41.874197,-87.668539,1302113933.0,87580103,87580375
87580375,41.874186,-87.668279,1302113935.0,87580306,87580437
87580437,41.874194,-87.66799,1302113937.0,87580375,87580506
87580506,41.87422,-87.667686,1302113939.0,87580437,87580571
87580571,41.87424,-87.667398,1302113941.0,87580506,87580672
87580672,41.874214,-87.667074,1302113944.0,87580571,None
