10190368,41.867442,-87.646982,1302109135.0,None,10190621
10190621,41.86722,-87.646925,1302109142.0,10190368,10190719
10190719,41.867031,-87.646915,1302109145.0,10190621,10190811
10190811,41.866829,-87.646891,1302109148.0,10190719,10190910
10190910,41.866604,-87.646858,1302109151.0,10190811,10191015
10191015,41.866391,-87.646827,1302109154.0,10190910,10191118
10191118,41.866208,-87.646799,1302109157.0,10191015,10191256
10191256,41.866008,-87.646777,1302109161.0,10191118,10191495
10191495,41.865825,-87.646756,1302109168.0,10191256,10192259
10192259,41.865644,-87.646702,1302109190.0,10191495,10192357
10192357,41.865411,-87.646686,1302109196.0,10192259,10192371
10192371,41.865207,-87.646662,1302109199.0,10192357,10192396
10192396,41.864996,-87.646671,1302109203.0,10192371,10192595
10192595,41.86481,-87.646657,1302109224.0,10192396,10192655
10192655,41.864578,-87.646638,1302109229.0,10192595,10192694
10192694,41.864375,-87.646656,1302109232.0,10192655,10192733
10192733,41.864152,-87.646718,1302109235.0,10192694,10192775
10192775,41.863892,-87.646758,1302109238.0,10192733,10192803
10192803,41.863675,-87.646733,1302109240.0,10192775,10192831
10192831,41.86345,-87.646705,1302109242.0,10192803,10192855
10192855,41.863214,-87.646674,1302109244.0,10192831,10192887
10192887,41.862985,-87.646648,1302109246.0,10192855,10192918
10192918,41.862788,-87.646631,1302109248.0,10192887,10192960
10192960,41.862599,-87.646616,1302109251.0,10192918,10193222
10193222,41.862426,-87.646545,1302109267.0,10192960,10193325
10193325,41.862305,-87.646733,1302109273.0,10193222,10193382
10193382,41.8623,-87.647024,1302109276.0,10193325,10193420
10193420,41.862289,-87.647291,1302109278.0,10193382,10193457
10193457,41.862276,-87.647579,1302109280.0,10193420,10193494
10193494,41.862264,-87.647876,1302109282.0,10193457,10193533
10193533,41.862254,-87.648159,1302109284.0,10193494,10193593
10193593,41.862246,-87.648431,1302109287.0,10193533,10193672
10193672,41.862227,-87.648708,1302109291.0,10193593,10193733
10193733,41.862216,-87.649054,1302109294.0,10193672,10193774
10193774,41.862213,-87.649356,1302109296.0,10193733,10193817
10193817,41.862209,-87.649673,1302109298.0,10193774,10193858
10193858,41.862203,-87.649973,1302109300.0,10193817,10193898
10193898,41.8622,-87.650237,1302109302.0,10193858,10193964
10193964,41.862208,-87.650496,1302109305.0,10193898,10194183
10194183,41.862303,-87.650717,1302109315.0,10193964,10194273
10194273,41.862513,-87.650727,1302109319.0,10194183,10194338
10194338,41.862768,-87.65075,1302109322.0,10194273,10194362
10194362,41.862971,-87.650769,1302109324.0,10194338,10194405
10194405,41.863158,-87.65079,1302109326.0,10194362,10194480
10194480,41.86337,-87.650809,1302109330.0,10194405,10194542
10194542,41.863604,-87.650819,1302109334.0,10194480,10194600
10194600,41.863889,-87.650837,1302109337.0,10194542,10194637
10194637,41.864111,-87.650849,1302109339.0,10194600,10194681
10194681,41.864331,-87.650847,1302109341.0,10194637,10194752
10194752,41.864568,-87.650848,1302109344.0,10194681,10194853
10194853,41.864759,-87.650873,1302109348.0,10194752,10194922
10194922,41.864996,-87.650888,1302109351.0,10194853,10194968
10194968,41.865205,-87.650902,1302109353.0,10194922,10195015
10195015,41.865457,-87.650915,1302109355.0,10194968,10195066
10195066,41.865734,-87.650921,1302109357.0,10195015,10195123
10195123,41.866023,-87.650937,1302109359.0,10195066,10195160
10195160,41.866314,-87.650954,1302109361.0,10195123,10195209
10195209,41.866592,-87.650969,1302109363.0,10195160,10195259
10195259,41.866836,-87.650985,1302109365.0,10195209,10195307
10195307,41.867022,-87.651009,1302109367.0,10195259,10195384
10195384,41.867161,-87.651183,1302109370.0,10195307,10195462
10195462,41.867171,-87.651499,1302109373.0,10195384,10195513
10195513,41.867165,-87.651778,1302109375.0,10195462,10195566
10195566,41.867153,-87.652085,1302109377.0,10195513,10195620
10195620,41.867142,-87.652375,1302109379.0,10195566,10195698
10195698,41.867121,-87.652707,1302109382.0,10195620,10196427
10196427,41.867099,-87.653006,1302109410.0,10195698,10196523
10196523,41.867086,-87.653286,1302109413.0,10196427,10196582
10196582,41.867083,-87.653536,1302109415.0,10196523,10196634
10196634,41.867077,-87.653825,1302109417.0,10196582,10196688
10196688,41.867073,-87.654151,1302109419.0,10196634,10196742
10196742,41.867059,-87.654499,1302109421.0,10196688,10196796
10196796,41.867047,-87.654853,1302109423.0,10196742,10196856
10196856,41.867038,-87.655206,1302109425.0,10196796,10196917
10196917,41.867033,-87.655536,1302109427.0,10196856,10196980
10196980,41.867028,-87.655814,1302109429.0,10196917,10197071
10197071,41.867018,-87.656136,1302109432.0,10196980,10197209
10197209,41.867047,-87.656402,1302109437.0,10197071,10197448
10197448,41.86711,-87.656632,1302109445.0,10197209,10197604
10197604,41.867299,-87.656658,1302109450.0,10197448,10197691
10197691,41.86753,-87.656672,1302109453.0,10197604,10197747
10197747,41.867736,-87.656682,1302109455.0,10197691,10197810
10197810,41.867966,-87.656684,1302109457.0,10197747,10197874
10197874,41.868202,-87.656689,1302109459.0,10197810,10197940
10197940,41.868432,-87.656696,1302109461.0,10197874,10197997
10197997,41.868651,-87.656699,1302109463.0,10197940,10198064
10198064,41.868851,-87.656699,1302109465.0,10197997,10198156
10198156,41.869062,-87.656692,1302109468.0,10198064,10198409
10198409,41.869272,-87.656705,1302109476.0,10198156,10198509
10198509,41.869462,-87.656722,1302109479.0,10198409,10198606
10198606,41.869647,-87.656736,1302109482.0,10198509,10198942
10198942,41.869851,-87.656778,1302109493.0,10198606,10199049
10199049,41.87008,-87.656783,1302109496.0,10198942,10199116
10199116,41.870278,-87.656785,1302109498.0,10199049,10199180
10199180,41.870522,-87.656782,1302109500.0,10199116,10199243
10199243,41.870772,-87.656775,1302109502.0,10199180,10199310
10199310,41.871028,-87.656778,1302109504.0,10199243,10199373
10199373,41.87129,-87.656789,1302109506.0,10199310,10199436
10199436,41.871521,-87.656807,1302109508.0,10199373,10199501
10199501,41.871705,-87.65682,1302109510.0,10199436,10199590
10199590,41.87196,-87.656821,1302109513.0,10199501,10199698
10199698,41.872181,-87.656811,1302109516.0,10199590,10199835
10199835,41.872372,-87.656791,1302109520.0,10199698,10199938
10199938,41.872567,-87.65676,1302109523.0,10199835,10200002
10200002,41.872765,-87.656753,1302109525.0,10199938,10200069
10200069,41.87299,-87.65674,1302109527.0,10200002,10200124
10200124,41.873226,-87.656723,1302109529.0,10200069,10200195
10200195,41.873468,-87.656719,1302109531.0,10200124,10200262
10200262,41.873699,-87.656715,1302109533.0,10200195,10200333
10200333,41.873879,-87.656721,1302109535.0,10200262,10200441
10200441,41.874091,-87.656731,1302109538.0,10200333,10200608
10200608,41.874288,-87.656549,1302109544.0,10200441,10200720
10200720,41.874275,-87.656268,1302109547.0,10200608,10200828
10200828,41.874264,-87.655957,1302109550.0,10200720,10201267
10201267,41.874265,-87.655715,1302109563.0,10200828,10201408
10201408,41.874286,-87.655398,1302109567.0,10201267,10201524
10201524,41.874308,-87.655063,1302109570.0,10201408,10201600
10201600,41.874332,-87.654806,1302109572.0,10201524,10201678
10201678,41.874352,-87.654523,1302109574.0,10201600,10201750
10201750,41.874364,-87.654219,1302109576.0,10201678,10201815
10201815,41.874362,-87.653898,1302109578.0,10201750,10201883
10201883,41.874344,-87.653548,1302109580.0,10201815,10201948
10201948,41.874334,-87.653217,1302109582.0,10201883,10202017
10202017,41.874325,-87.652897,1302109584.0,10201948,10202076
10202076,41.874314,-87.652604,1302109586.0,10202017,10202155
10202155,41.874305,-87.65234,1302109588.0,10202076,10202227
10202227,41.874295,-87.652088,1302109590.0,10202155,10202303
10202303,41.874291,-87.651837,1302109592.0,10202227,10202383
10202383,41.874296,-87.651585,1302109594.0,10202303,10202460
10202460,41.874303,-87.651335,1302109596.0,10202383,10202529
10202529,41.874314,-87.651084,1302109598.0,10202460,10202599
10202599,41.874325,-87.650821,1302109600.0,10202529,10202671
10202671,41.874322,-87.650552,1302109602.0,10202599,10202739
10202739,41.874317,-87.650297,1302109604.0,10202671,10202847
10202847,41.874312,-87.649957,1302109607.0,10202739,10202961
10202961,41.874316,-87.649697,1302109610.0,10202847,10203480
10203480,41.874341,-87.649423,1302109624.0,10202961,10203598
10203598,41.87435,-87.649109,1302109627.0,10203480,10203673
10203673,41.874355,-87.648829,1302109629.0,10203598,10203751
10203751,41.874354,-87.648537,1302109631.0,10203673,10203823
10203823,41.874349,-87.648242,1302109633.0,10203751,10203848
10203848,41.874328,-87.647942,1302109635.0,10203823,10203876
10203876,41.874299,-87.647658,1302109637.0,10203848,10203939
10203939,41.874267,-87.647415,1302109639.0,10203876,10204040
10204040,41.874169,-87.647163,1302109642.0,10203939,10204136
10204136,41.873945,-87.647076,1302109645.0,10204040,10204211
10204211,41.873743,-87.647078,1302109647.0,10204136,10204281
10204281,41.873512,-87.647097,1302109649.0,10204211,10204359
10204359,41.873261,-87.647117,1302109651.0,10204281,10204431
10204431,41.872992,-87.647138,1302109653.0,10204359,10204503
10204503,41.872727,-87.64716,1302109655.0,10204431,10204570
10204570,41.872472,-87.647179,1302109657.0,10204503,10204638
10204638,41.872231,-87.647107,1302109659.0,10204570,10204703
10204703,41.872024,-87.647023,1302109661.0,10204638,10204804
10204804,41.87178,-87.646985,1302109664.0,10204703,10204911
10204911,41.871542,-87.646976,1302109667.0,10204804,10205023
10205023,41.871263,-87.646967,1302109670.0,10204911,10205100
10205100,41.871061,-87.646959,1302109672.0,10205023,10205175
10205175,41.870861,-87.646949,1302109674.0,10205100,10205245
10205245,41.87067,-87.646953,1302109676.0,10205175,10205314
10205314,41.870486,-87.646956,1302109678.0,10205245,10205420
10205420,41.870241,-87.64694,1302109681.0,10205314,10205556
10205556,41.870053,-87.646924,1302109685.0,10205420,10206028
10206028,41.869856,-87.646932,1302109699.0,10205556,10206210
10206210,41.869656,-87.64692,1302109704.0,10206028,10206589
10206589,41.869481,-87.64681,1302109715.0,10206210,10206702
10206702,41.869501,-87.646557,1302109718.0,10206589,10206814
10206814,41.869563,-87.646228,1302109721.0,10206702,10206925
10206925,41.86958,-87.645901,1302109724.0,10206814,None
