41438454,41.866929,-87.665494,1303823151.0,None,41439117
41439117,41.866934,-87.665791,1303823170.0,41438454,41439216
41439216,41.866934,-87.666073,1303823173.0,41439117,41439325
41439325,41.866934,-87.66641,1303823176.0,41439216,41439391
41439391,41.866935,-87.666655,1303823178.0,41439325,41439459
41439459,41.866935,-87.666915,1303823180.0,41439391,41439534
41439534,41.866934,-87.667188,1303823182.0,41439459,41439608
41439608,41.866934,-87.667462,1303823184.0,41439534,41439680
41439680,41.866935,-87.667732,1303823186.0,41439608,41439752
41439752,41.866938,-87.667997,1303823188.0,41439680,41439824
41439824,41.866941,-87.668253,1303823190.0,41439752,41439923
41439923,41.866945,-87.668584,1303823193.0,41439824,41440056
41440056,41.866981,-87.668859,1303823197.0,41439923,41440226
41440226,41.867201,-87.668923,1303823202.0,41440056,41440342
41440342,41.867391,-87.668939,1303823205.0,41440226,41440456
41440456,41.867639,-87.668949,1303823208.0,41440342,41440528
41440528,41.867826,-87.668954,1303823210.0,41440456,41440590
41440590,41.868024,-87.668957,1303823212.0,41440528,41440654
41440654,41.868212,-87.668968,1303823214.0,41440590,41440716
41440716,41.868407,-87.668973,1303823216.0,41440654,41440787
41440787,41.868593,-87.668979,1303823218.0,41440716,41440888
41440888,41.868837,-87.668981,1303823221.0,41440787,41441036
41441036,41.869043,-87.668983,1303823225.0,41440888,41441833
41441833,41.869222,-87.669091,1303823248.0,41441036,41441974
41441974,41.869229,-87.669335,1303823252.0,41441833,41442069
41442069,41.86922,-87.669585,1303823255.0,41441974,41442170
41442170,41.869208,-87.669872,1303823258.0,41442069,41442279
41442279,41.86925,-87.670136,1303823261.0,41442170,41442766
41442766,41.869273,-87.670407,1303823275.0,41442279,41442958
41442958,41.869273,-87.67067,1303823280.0,41442766,41443214
41443214,41.869281,-87.670934,1303823289.0,41442958,41443298
41443298,41.869285,-87.671183,1303823303.0,41443214,41443414
41443414,41.869307,-87.671463,1303823315.0,41443298,41443459
41443459,41.869347,-87.671717,1303823319.0,41443414,41443495
41443495,41.869341,-87.672003,1303823322.0,41443459,41443532
41443532,41.869328,-87.672314,1303823325.0,41443495,41443571
41443571,41.869312,-87.672668,1303823328.0,41443532,41443611
41443611,41.869299,-87.673009,1303823331.0,41443571,41443653
41443653,41.869288,-87.673315,1303823334.0,41443611,41443720
41443720,41.869275,-87.67357,1303823339.0,41443653,41443907
41443907,41.869412,-87.673753,1303823352.0,41443720,41443971
41443971,41.869602,-87.673755,1303823356.0,41443907,41444021
41444021,41.869788,-87.673749,1303823359.0,41443971,41444075
41444075,41.86999,-87.673752,1303823362.0,41444021,41444127
41444127,41.870196,-87.673754,1303823365.0,41444075,41444180
41444180,41.870392,-87.673761,1303823368.0,41444127,41444235
41444235,41.870583,-87.673768,1303823371.0,41444180,41444289
41444289,41.870771,-87.673771,1303823374.0,41444235,41444346
41444346,41.870971,-87.673775,1303823377.0,41444289,41444401
41444401,41.871156,-87.673781,1303823380.0,41444346,41444518
41444518,41.871338,-87.673791,1303823386.0,41444401,41444931
41444931,41.871495,-87.67363,1303823408.0,41444518,41445051
41445051,41.871507,-87.673383,1303823417.0,41444931,41445522
41445522,41.871563,-87.67314,1303823439.0,41445051,41445613
41445613,41.87159,-87.672816,1303823443.0,41445522,41445678
41445678,41.871607,-87.67253,1303823446.0,41445613,41445747
41445747,41.871614,-87.672245,1303823449.0,41445678,41445823
41445823,41.871607,-87.671996,1303823452.0,41445747,41446100
41446100,41.871561,-87.67174,1303823464.0,41445823,41446230
41446230,41.871552,-87.671492,1303823469.0,41446100,41446308
41446308,41.871558,-87.671239,1303823472.0,41446230,41446380
41446380,41.871566,-87.670942,1303823475.0,41446308,41446448
41446448,41.87157,-87.670645,1303823478.0,41446380,41446520
41446520,41.871573,-87.67039,1303823481.0,41446448,41446655
41446655,41.871568,-87.670124,1303823486.0,41446520,41447444
41447444,41.871582,-87.669855,1303823515.0,41446655,41447577
41447577,41.871588,-87.669584,1303823520.0,41447444,41447748
41447748,41.871605,-87.669332,1303823526.0,41447577,41448538
41448538,41.871504,-87.669112,1303823554.0,41447748,41448689
41448689,41.871266,-87.669082,1303823559.0,41448538,41448780
41448780,41.871047,-87.669055,1303823562.0,41448689,41448856
41448856,41.870805,-87.669043,1303823565.0,41448780,41448952
41448952,41.870589,-87.669031,1303823568.0,41448856,41449053
41449053,41.870398,-87.669029,1303823571.0,41448952,41449142
41449142,41.870207,-87.66903,1303823574.0,41449053,41449236
41449236,41.87001,-87.669028,1303823577.0,41449142,41449332
41449332,41.86982,-87.669021,1303823580.0,41449236,41449457
41449457,41.869617,-87.669022,1303823584.0,41449332,41449611
41449611,41.869423,-87.669031,1303823589.0,41449457,41449937
41449937,41.869216,-87.669032,1303823599.0,41449611,41450062
41450062,41.868997,-87.669036,1303823603.0,41449937,41450159
41450159,41.868774,-87.669033,1303823606.0,41450062,41450260
41450260,41.868517,-87.669026,1303823609.0,41450159,41450326
41450326,41.868321,-87.669018,1303823611.0,41450260,41450397
41450397,41.868112,-87.669008,1303823613.0,41450326,41450461
41450461,41.867893,-87.669007,1303823615.0,41450397,41450530
41450530,41.86768,-87.669008,1303823617.0,41450461,41450596
41450596,41.867492,-87.669002,1303823619.0,41450530,41450688
41450688,41.867279,-87.668993,1303823622.0,41450596,41450772
41450772,41.867096,-87.668998,1303823628.0,41450688,41450807
41450807,41.866899,-87.668974,1303823634.0,41450772,41450845
41450845,41.866766,-87.668754,1303823639.0,41450807,41450871
41450871,41.866773,-87.668501,1303823642.0,41450845,41450899
41450899,41.866775,-87.668185,1303823645.0,41450871,41450929
41450929,41.866781,-87.667866,1303823648.0,41450899,41450972
41450972,41.866789,-87.667613,1303823652.0,41450929,41451236
41451236,41.866802,-87.667353,1303823673.0,41450972,41451299
41451299,41.866807,-87.667065,1303823677.0,41451236,41451341
41451341,41.86681,-87.666778,1303823680.0,41451299,41451391
41451391,41.866811,-87.666462,1303823683.0,41451341,41451438
41451438,41.866815,-87.66611,1303823686.0,41451391,41451469
41451469,41.866816,-87.665867,1303823688.0,41451438,41451504
41451504,41.866822,-87.665616,1303823690.0,41451469,41451540
41451540,41.866827,-87.665355,1303823692.0,41451504,41451572
41451572,41.866833,-87.665083,1303823694.0,41451540,41451605
41451605,41.86684,-87.664807,1303823696.0,41451572,41451640
41451640,41.866846,-87.664537,1303823698.0,41451605,41451678
41451678,41.866854,-87.664265,1303823700.0,41451640,41451713
41451713,41.866859,-87.663989,1303823702.0,41451678,41451749
41451749,41.866863,-87.663707,1303823704.0,41451713,41451786
41451786,41.86687,-87.663417,1303823706.0,41451749,41451824
41451824,41.866878,-87.663126,1303823708.0,41451786,41451862
41451862,41.866885,-87.662827,1303823710.0,41451824,41451899
41451899,41.86689,-87.662525,1303823712.0,41451862,41451937
41451937,41.866892,-87.662222,1303823714.0,41451899,41451976
41451976,41.866895,-87.661915,1303823716.0,41451937,41452015
41452015,41.866908,-87.661601,1303823718.0,41451976,41452054
41452054,41.866919,-87.661276,1303823720.0,41452015,41452092
41452092,41.866923,-87.660949,1303823722.0,41452054,41452132
41452132,41.866926,-87.660622,1303823724.0,41452092,41452173
41452173,41.866927,-87.660302,1303823726.0,41452132,41452209
41452209,41.86693,-87.659989,1303823728.0,41452173,41452252
41452252,41.866937,-87.659679,1303823730.0,41452209,41452295
41452295,41.866942,-87.659368,1303823732.0,41452252,41452338
41452338,41.866945,-87.659055,1303823734.0,41452295,41452379
41452379,41.866947,-87.658752,1303823736.0,41452338,41452420
41452420,41.866952,-87.658462,1303823738.0,41452379,41452466
41452466,41.866961,-87.658184,1303823740.0,41452420,41452511
41452511,41.866966,-87.65793,1303823742.0,41452466,41452533
41452533,41.866972,-87.657618,1303823745.0,41452511,41452603
41452603,41.866982,-87.657329,1303823749.0,41452533,None
