21601790,41.869045,-87.680492,1303270738.0,None,21601847
21601847,41.869026,-87.680796,1303270743.0,21601790,21601883
21601883,41.869018,-87.681104,1303270746.0,21601847,21601908
21601908,41.869011,-87.681346,1303270748.0,21601883,21601934
21601934,41.869011,-87.681602,1303270750.0,21601908,21601960
21601960,41.869005,-87.681862,1303270752.0,21601934,21601987
21601987,41.868998,-87.682121,1303270754.0,21601960,21602015
21602015,41.868994,-87.682368,1303270756.0,21601987,21602057
21602057,41.868984,-87.682715,1303270759.0,21602015,21602100
21602100,41.868971,-87.683037,1303270762.0,21602057,21602155
21602155,41.868975,-87.683314,1303270766.0,21602100,21602608
21602608,41.86896,-87.683585,1303270793.0,21602155,21602683
21602683,41.868958,-87.683925,1303270797.0,21602608,21602739
21602739,41.868977,-87.684245,1303270800.0,21602683,21602796
21602796,41.868967,-87.684533,1303270803.0,21602739,21602935
21602935,41.868953,-87.684804,1303270810.0,21602796,21603039
21603039,41.868938,-87.685124,1303270815.0,21602935,21603124
21603124,41.868977,-87.685438,1303270819.0,21603039,21603205
21603205,41.869035,-87.685697,1303270823.0,21603124,21603309
21603309,41.8692,-87.68586,1303270828.0,21603205,21603396
21603396,41.869412,-87.685904,1303270832.0,21603309,21603446
21603446,41.869664,-87.685933,1303270835.0,21603396,21603485
21603485,41.869875,-87.685957,1303270837.0,21603446,21603516
21603516,41.870086,-87.685974,1303270839.0,21603485,21603559
21603559,41.870282,-87.685988,1303270841.0,21603516,21603577
21603577,41.87047,-87.685997,1303270843.0,21603559,21603624
21603624,41.870715,-87.686012,1303270846.0,21603577,21603694
21603694,41.870892,-87.686077,1303270850.0,21603624,21604208
21604208,41.871112,-87.686101,1303270872.0,21603694,21604281
21604281,41.871328,-87.686114,1303270875.0,21604208,21604330
21604330,41.871509,-87.686126,1303270877.0,21604281,21604376
21604376,41.871714,-87.686136,1303270879.0,21604330,21604427
21604427,41.871935,-87.686146,1303270881.0,21604376,21604479
21604479,41.872156,-87.686149,1303270883.0,21604427,21604532
21604532,41.872381,-87.686151,1303270885.0,21604479,21604584
21604584,41.872609,-87.686162,1303270887.0,21604532,21604632
21604632,41.872838,-87.686176,1303270889.0,21604584,21604683
21604683,41.873055,-87.686189,1303270891.0,21604632,21604732
21604732,41.873254,-87.686199,1303270893.0,21604683,21604807
21604807,41.873492,-87.686213,1303270896.0,21604732,21605019
21605019,41.873678,-87.686196,1303270904.0,21604807,21605195
21605195,41.87379,-87.685979,1303270911.0,21605019,21605277
21605277,41.873805,-87.685713,1303270914.0,21605195,21605364
21605364,41.873819,-87.685348,1303270917.0,21605277,21605417
21605417,41.873823,-87.685088,1303270919.0,21605364,21605465
21605465,41.873827,-87.684817,1303270921.0,21605417,21605520
21605520,41.873831,-87.684537,1303270923.0,21605465,21605576
21605576,41.87383,-87.68426,1303270925.0,21605520,21605635
21605635,41.873825,-87.684001,1303270927.0,21605576,21605689
21605689,41.873832,-87.68374,1303270929.0,21605635,21605751
21605751,41.873844,-87.683458,1303270931.0,21605689,21605805
21605805,41.873854,-87.683149,1303270933.0,21605751,21605856
21605856,41.873857,-87.682836,1303270935.0,21605805,21605914
21605914,41.873859,-87.682517,1303270937.0,21605856,21605966
21605966,41.87386,-87.682208,1303270939.0,21605914,21606023
21606023,41.873863,-87.681941,1303270941.0,21605966,21606110
21606110,41.873867,-87.681632,1303270944.0,21606023,21606338
21606338,41.873895,-87.681374,1303270952.0,21606110,21606457
21606457,41.873916,-87.681024,1303270956.0,21606338,21606519
21606519,41.873924,-87.680776,1303270958.0,21606457,21606577
21606577,41.873931,-87.680508,1303270960.0,21606519,21606639
21606639,41.873932,-87.680216,1303270962.0,21606577,21606695
21606695,41.873936,-87.679912,1303270964.0,21606639,21606757
21606757,41.873937,-87.679591,1303270966.0,21606695,21606819
21606819,41.873936,-87.679257,1303270968.0,21606757,21606878
21606878,41.873933,-87.678922,1303270970.0,21606819,21606938
21606938,41.873932,-87.678593,1303270972.0,21606878,21606998
21606998,41.873932,-87.678271,1303270974.0,21606938,21607055
21607055,41.87393,-87.67796,1303270976.0,21606998,21607121
21607121,41.873927,-87.677658,1303270978.0,21607055,21607183
21607183,41.873923,-87.677372,1303270980.0,21607121,21607245
21607245,41.873913,-87.677125,1303270982.0,21607183,21607338
21607338,41.873877,-87.67683,1303270985.0,21607245,21607614
21607614,41.873862,-87.676581,1303270994.0,21607338,21607728
21607728,41.873671,-87.676508,1303270998.0,21607614,21607796
21607796,41.873487,-87.676482,1303271000.0,21607728,21607859
21607859,41.873259,-87.676464,1303271002.0,21607796,21607927
21607927,41.873,-87.676445,1303271004.0,21607859,21607992
21607992,41.872741,-87.676425,1303271006.0,21607927,21608057
21608057,41.872475,-87.676412,1303271008.0,21607992,21608120
21608120,41.872201,-87.676388,1303271010.0,21608057,21608183
21608183,41.87194,-87.676353,1303271012.0,21608120,21608245
21608245,41.871714,-87.676338,1303271014.0,21608183,21608346
21608346,41.871499,-87.676317,1303271017.0,21608245,21608483
21608483,41.871371,-87.676129,1303271021.0,21608346,21608609
21608609,41.871368,-87.675798,1303271025.0,21608483,21608681
21608681,41.87137,-87.675553,1303271027.0,21608609,21608773
21608773,41.871371,-87.675212,1303271030.0,21608681,21608902
21608902,41.871368,-87.674948,1303271034.0,21608773,21609036
21609036,41.871337,-87.674652,1303271038.0,21608902,21609142
21609142,41.871333,-87.674317,1303271041.0,21609036,21609255
21609255,41.871348,-87.674032,1303271044.0,21609142,21609385
21609385,41.871397,-87.673781,1303271048.0,21609255,21609494
21609494,41.871422,-87.673451,1303271052.0,21609385,21609598
21609598,41.871441,-87.673104,1303271055.0,21609494,21609669
21609669,41.871453,-87.672859,1303271057.0,21609598,21609782
21609782,41.871469,-87.67251,1303271060.0,21609669,21609894
21609894,41.871461,-87.672192,1303271063.0,21609782,21610026
21610026,41.871449,-87.671913,1303271067.0,21609894,21610865
21610865,41.871418,-87.671672,1303271091.0,21610026,21611044
21611044,41.871423,-87.671429,1303271096.0,21610865,21611156
21611156,41.871436,-87.671167,1303271099.0,21611044,21611270
21611270,41.871414,-87.670861,1303271102.0,21611156,21611366
21611366,41.871382,-87.670561,1303271105.0,21611270,21611478
21611478,41.871367,-87.670308,1303271108.0,21611366,21611947
21611947,41.871262,-87.670092,1303271121.0,21611478,21612305
21612305,41.871329,-87.669866,1303271131.0,21611947,21612573
21612573,41.871363,-87.669612,1303271138.0,21612305,21612855
21612855,41.871311,-87.669369,1303271146.0,21612573,21613071
21613071,41.87112,-87.669218,1303271152.0,21612855,21613097
21613097,41.870886,-87.669164,1303271155.0,21613071,21613174
21613174,41.870682,-87.669127,1303271157.0,21613097,None
