21436438,41.866882,-87.666179,1303263313.0,None,21436966
21436966,41.866887,-87.666437,1303263329.0,21436438,21437080
21437080,41.866881,-87.666733,1303263332.0,21436966,21437159
21437159,41.866876,-87.667004,1303263334.0,21437080,21437237
21437237,41.866877,-87.667311,1303263336.0,21437159,21437307
21437307,41.866881,-87.667621,1303263338.0,21437237,21437375
21437375,41.866887,-87.667927,1303263340.0,21437307,21437431
21437431,41.866895,-87.668215,1303263342.0,21437375,21437500
21437500,41.8669,-87.668473,1303263344.0,21437431,21437595
21437595,41.866903,-87.668779,1303263347.0,21437500,21437777
21437777,41.867028,-87.668989,1303263352.0,21437595,21437921
21437921,41.86725,-87.668962,1303263356.0,21437777,21438021
21438021,41.867497,-87.66898,1303263359.0,21437921,21438089
21438089,41.867709,-87.668994,1303263361.0,21438021,21438145
21438145,41.867953,-87.669008,1303263363.0,21438089,21438219
21438219,41.868208,-87.669011,1303263365.0,21438145,21438287
21438287,41.868458,-87.669018,1303263367.0,21438219,21438364
21438364,41.868685,-87.669034,1303263369.0,21438287,21438440
21438440,41.868875,-87.669035,1303263371.0,21438364,21438549
21438549,41.869077,-87.669037,1303263374.0,21438440,21438960
21438960,41.869241,-87.669175,1303263386.0,21438549,21439104
21439104,41.869262,-87.669459,1303263390.0,21438960,21439248
21439248,41.869323,-87.669759,1303263394.0,21439104,21439355
21439355,41.869348,-87.670077,1303263397.0,21439248,21439427
21439427,41.869354,-87.670329,1303263399.0,21439355,21439502
21439502,41.869358,-87.670586,1303263401.0,21439427,21439574
21439574,41.869366,-87.670851,1303263403.0,21439502,21439674
21439674,41.869381,-87.671126,1303263406.0,21439574,21440231
21440231,41.869422,-87.671423,1303263422.0,21439674,21440333
21440333,41.869435,-87.671769,1303263425.0,21440231,21440408
21440408,41.869443,-87.672046,1303263427.0,21440333,21440488
21440488,41.869453,-87.6723,1303263429.0,21440408,21440588
21440588,41.869459,-87.672552,1303263432.0,21440488,21441055
21441055,41.869422,-87.672791,1303263445.0,21440588,21441255
21441255,41.86939,-87.673051,1303263451.0,21441055,21441357
21441357,41.869355,-87.673356,1303263454.0,21441255,21441429
21441429,41.869346,-87.67364,1303263456.0,21441357,21441501
21441501,41.869328,-87.673981,1303263458.0,21441429,21441574
21441574,41.869302,-87.674319,1303263460.0,21441501,21441646
21441646,41.8693,-87.674591,1303263462.0,21441574,21441756
21441756,41.86932,-87.674937,1303263465.0,21441646,21441866
21441866,41.869346,-87.675206,1303263468.0,21441756,21442090
21442090,41.869386,-87.675448,1303263475.0,21441866,21443123
21443123,41.869399,-87.675702,1303263504.0,21442090,21443395
21443395,41.869333,-87.675933,1303263512.0,21443123,21444272
21444272,41.869301,-87.676187,1303263537.0,21443395,21444377
21444377,41.869287,-87.676469,1303263540.0,21444272,21444483
21444483,41.869271,-87.67677,1303263543.0,21444377,21444577
21444577,41.869258,-87.677058,1303263546.0,21444483,21444682
21444682,41.869245,-87.677354,1303263549.0,21444577,21444790
21444790,41.869242,-87.677669,1303263552.0,21444682,21444897
21444897,41.869254,-87.678008,1303263555.0,21444790,21444969
21444969,41.869258,-87.678275,1303263557.0,21444897,21445045
21445045,41.869257,-87.678535,1303263559.0,21444969,21445115
21445115,41.869252,-87.678785,1303263561.0,21445045,21445186
21445186,41.86924,-87.67903,1303263563.0,21445115,21445289
21445289,41.869223,-87.679352,1303263566.0,21445186,21445393
21445393,41.869209,-87.679622,1303263569.0,21445289,21445541
21445541,41.869199,-87.67992,1303263573.0,21445393,21446066
21446066,41.869197,-87.680167,1303263588.0,21445541,21446590
21446590,41.869133,-87.680394,1303263603.0,21446066,21446740
21446740,41.869132,-87.680647,1303263607.0,21446590,21446880
21446880,41.869132,-87.680981,1303263611.0,21446740,21446975
21446975,41.86914,-87.681334,1303263614.0,21446880,21447046
21447046,41.869142,-87.681585,1303263616.0,21446975,21447117
21447117,41.869133,-87.681849,1303263618.0,21447046,21447191
21447191,41.869117,-87.682114,1303263620.0,21447117,21447305
21447305,41.869104,-87.682462,1303263623.0,21447191,21447408
21447408,41.869083,-87.682785,1303263626.0,21447305,21447498
21447498,41.869073,-87.683098,1303263629.0,21447408,21447543
21447543,41.869069,-87.683396,1303263633.0,21447498,21448274
21448274,41.869092,-87.683673,1303263657.0,21447543,21448415
21448415,41.869085,-87.683985,1303263661.0,21448274,21448524
21448524,41.869076,-87.68432,1303263664.0,21448415,21448637
21448637,41.869077,-87.684632,1303263667.0,21448524,21448805
21448805,41.869074,-87.684889,1303263672.0,21448637,21448933
21448933,41.86906,-87.685189,1303263676.0,21448805,21449041
21449041,41.86906,-87.685487,1303263679.0,21448933,21449140
21449140,41.869057,-87.685776,1303263682.0,21449041,21449288
21449288,41.869116,-87.686028,1303263686.0,21449140,21449468
21449468,41.86933,-87.686113,1303263691.0,21449288,21449570
21449570,41.869515,-87.686121,1303263694.0,21449468,21449672
21449672,41.869753,-87.686143,1303263697.0,21449570,21449740
21449740,41.869947,-87.68616,1303263699.0,21449672,21449773
21449773,41.870166,-87.686179,1303263701.0,21449740,21449780
21449780,41.870384,-87.686189,1303263703.0,21449773,21449789
21449789,41.870604,-87.686178,1303263705.0,21449780,21449800
21449800,41.870801,-87.686165,1303263707.0,21449789,21449819
21449819,41.871006,-87.686162,1303263710.0,21449800,21449934
21449934,41.871195,-87.686184,1303263724.0,21449819,21449973
21449973,41.871404,-87.686213,1303263728.0,21449934,21450005
21450005,41.87159,-87.686235,1303263731.0,21449973,21450043
21450043,41.871855,-87.686255,1303263734.0,21450005,21450066
21450066,41.872088,-87.686258,1303263736.0,21450043,21450091
21450091,41.872314,-87.686262,1303263738.0,21450066,21450119
21450119,41.872538,-87.686264,1303263740.0,21450091,21450144
21450144,41.872752,-87.686263,1303263742.0,21450119,21450171
21450171,41.872959,-87.686271,1303263744.0,21450144,21450200
21450200,41.873143,-87.686272,1303263746.0,21450171,21450242
21450242,41.873361,-87.686286,1303263749.0,21450200,21450323
21450323,41.873546,-87.686298,1303263755.0,21450242,21450521
21450521,41.873731,-87.686294,1303263768.0,21450323,21450675
21450675,41.87391,-87.686159,1303263777.0,21450521,21450744
21450744,41.87395,-87.685875,1303263781.0,21450675,21450804
21450804,41.873958,-87.685522,1303263784.0,21450744,21450838
21450838,41.873952,-87.685247,1303263786.0,21450804,21450876
21450876,41.873951,-87.684983,1303263788.0,21450838,21450915
21450915,41.873961,-87.684736,1303263790.0,21450876,21450977
21450977,41.873988,-87.684382,1303263793.0,21450915,21451014
21451014,41.873996,-87.684125,1303263795.0,21450977,21451053
21451053,41.87399,-87.683828,1303263797.0,21451014,21451095
21451095,41.873992,-87.683501,1303263799.0,21451053,21451136
21451136,41.874002,-87.683159,1303263801.0,21451095,21451179
21451179,41.874008,-87.682818,1303263803.0,21451136,21451218
21451218,41.874014,-87.682494,1303263805.0,21451179,21451258
21451258,41.874018,-87.682206,1303263807.0,21451218,21451290
21451290,41.874024,-87.68195,1303263809.0,21451258,21451358
21451358,41.874032,-87.681694,1303263812.0,21451290,21451467
21451467,41.874043,-87.681401,1303263819.0,21451358,21451530
21451530,41.874052,-87.681084,1303263822.0,21451467,21451570
21451570,41.874058,-87.680816,1303263824.0,21451530,21451589
21451589,41.874064,-87.680495,1303263826.0,21451570,21451612
21451612,41.874067,-87.680146,1303263828.0,21451589,21451642
21451642,41.874069,-87.679793,1303263830.0,21451612,21451676
21451676,41.87407,-87.679446,1303263832.0,21451642,21451713
21451713,41.874073,-87.679103,1303263834.0,21451676,21451761
21451761,41.874075,-87.678763,1303263836.0,21451713,21451809
21451809,41.87408,-87.678428,1303263838.0,21451761,21451855
21451855,41.874087,-87.67811,1303263840.0,21451809,21451906
21451906,41.874093,-87.67781,1303263842.0,21451855,21451953
21451953,41.8741,-87.677537,1303263844.0,21451906,21452024
21452024,41.874145,-87.677202,1303263847.0,21451953,21452093
21452093,41.874115,-87.676953,1303263850.0,21452024,None
