105206973,41.869102,-87.647096,1302221999.0,None,105207220
105207220,41.868917,-87.647087,1302222019.0,105206973,105207278
105207278,41.868732,-87.64707,1302222023.0,105207220,105207335
105207335,41.8685,-87.647055,1302222027.0,105207278,105207383
105207383,41.868297,-87.647051,1302222030.0,105207335,105207428
105207428,41.868102,-87.647053,1302222033.0,105207383,105207495
105207495,41.867875,-87.647051,1302222037.0,105207428,105207560
105207560,41.867693,-87.647043,1302222041.0,105207495,105207649
105207649,41.867506,-87.647027,1302222046.0,105207560,105207736
105207736,41.867296,-87.647023,1302222051.0,105207649,105207810
105207810,41.867101,-87.647009,1302222055.0,105207736,105207883
105207883,41.866909,-87.646992,1302222059.0,105207810,105207962
105207962,41.866688,-87.646958,1302222063.0,105207883,105208036
105208036,41.866457,-87.646939,1302222067.0,105207962,105208116
105208116,41.866254,-87.64692,1302222071.0,105208036,105208196
105208196,41.866057,-87.646915,1302222075.0,105208116,105208274
105208274,41.865854,-87.646931,1302222079.0,105208196,105208369
105208369,41.865662,-87.646933,1302222084.0,105208274,105208505
105208505,41.865458,-87.646924,1302222090.0,105208369,105208611
105208611,41.865239,-87.646909,1302222095.0,105208505,105208707
105208707,41.865049,-87.646886,1302222099.0,105208611,105208819
105208819,41.864835,-87.646883,1302222104.0,105208707,105208916
105208916,41.864646,-87.646888,1302222109.0,105208819,105208994
105208994,41.864452,-87.646884,1302222114.0,105208916,105209174
105209174,41.864255,-87.646892,1302222122.0,105208994,105209316
105209316,41.86406,-87.646905,1302222128.0,105209174,105209439
105209439,41.863875,-87.646897,1302222133.0,105209316,105209621
105209621,41.863666,-87.646882,1302222141.0,105209439,105209725
105209725,41.863458,-87.646887,1302222145.0,105209621,105209793
105209793,41.863255,-87.646891,1302222148.0,105209725,105209862
105209862,41.863029,-87.646891,1302222151.0,105209793,105209939
105209939,41.862821,-87.64689,1302222154.0,105209862,105210018
105210018,41.86264,-87.6469,1302222157.0,105209939,105210123
105210123,41.862459,-87.64694,1302222161.0,105210018,105210276
105210276,41.862404,-87.647222,1302222167.0,105210123,105210352
105210352,41.862412,-87.647472,1302222170.0,105210276,105210431
105210431,41.86241,-87.647777,1302222173.0,105210352,105210519
105210519,41.862385,-87.648072,1302222176.0,105210431,105210604
105210604,41.862363,-87.648345,1302222179.0,105210519,105210705
105210705,41.862343,-87.648666,1302222184.0,105210604,105210874
105210874,41.862342,-87.648943,1302222190.0,105210705,105210992
105210992,41.862355,-87.649268,1302222194.0,105210874,105211066
105211066,41.86235,-87.649566,1302222197.0,105210992,105211149
105211149,41.862332,-87.649864,1302222200.0,105211066,105211240
105211240,41.862308,-87.650139,1302222203.0,105211149,105211328
105211328,41.862297,-87.650399,1302222206.0,105211240,105211439
105211439,41.862283,-87.65069,1302222210.0,105211328,105211903
105211903,41.862351,-87.650922,1302222226.0,105211439,105212178
105212178,41.862553,-87.650929,1302222235.0,105211903,105212334
105212334,41.862784,-87.650934,1302222240.0,105212178,105212426
105212426,41.862978,-87.650934,1302222243.0,105212334,105212519
105212519,41.863167,-87.650936,1302222246.0,105212426,105212633
105212633,41.86335,-87.650944,1302222250.0,105212519,105212844
105212844,41.863555,-87.650941,1302222257.0,105212633,105212975
105212975,41.863769,-87.650939,1302222261.0,105212844,105213076
105213076,41.863983,-87.650943,1302222264.0,105212975,105213175
105213175,41.86421,-87.65095,1302222267.0,105213076,105213265
105213265,41.864405,-87.650952,1302222270.0,105213175,105213388
105213388,41.864587,-87.650956,1302222274.0,105213265,105213576
105213576,41.864785,-87.650972,1302222280.0,105213388,105213709
105213709,41.86502,-87.650978,1302222284.0,105213576,105213816
105213816,41.865246,-87.650982,1302222287.0,105213709,105213925
105213925,41.865491,-87.65099,1302222290.0,105213816,105214024
105214024,41.865728,-87.651,1302222293.0,105213925,105214123
105214123,41.865952,-87.651005,1302222296.0,105214024,105214212
105214212,41.866164,-87.651007,1302222299.0,105214123,105214309
105214309,41.866386,-87.651014,1302222302.0,105214212,105214411
105214411,41.866616,-87.651014,1302222305.0,105214309,105214522
105214522,41.866827,-87.651021,1302222308.0,105214411,105214614
105214614,41.867045,-87.651041,1302222312.0,105214522,105214630
105214630,41.867169,-87.651232,1302222316.0,105214614,105214653
105214653,41.867185,-87.651534,1302222320.0,105214630,105214674
105214674,41.867187,-87.651811,1302222323.0,105214653,105214698
105214698,41.867183,-87.652123,1302222326.0,105214674,105214724
105214724,41.867189,-87.652434,1302222329.0,105214698,105214752
105214752,41.867194,-87.652712,1302222332.0,105214724,105214782
105214782,41.867191,-87.652954,1302222335.0,105214752,105215125
105215125,41.867193,-87.653209,1302222362.0,105214782,105215195
105215195,41.867192,-87.653496,1302222367.0,105215125,105215259
105215259,41.867203,-87.653824,1302222371.0,105215195,105215307
105215307,41.867212,-87.654138,1302222374.0,105215259,105215356
105215356,41.867214,-87.654487,1302222377.0,105215307,105215390
105215390,41.867207,-87.654732,1302222379.0,105215356,105215423
105215423,41.867197,-87.654977,1302222381.0,105215390,105215455
105215455,41.867185,-87.655218,1302222383.0,105215423,105215510
105215510,41.86716,-87.655549,1302222386.0,105215455,105215565
105215565,41.867147,-87.655839,1302222389.0,105215510,105215617
105215617,41.867136,-87.656088,1302222392.0,105215565,105215713
105215713,41.867128,-87.656357,1302222397.0,105215617,105216229
105216229,41.867154,-87.656628,1302222424.0,105215713,105216362
105216362,41.867374,-87.656687,1302222430.0,105216229,105216425
105216425,41.867578,-87.656694,1302222433.0,105216362,105216495
105216495,41.867841,-87.656696,1302222436.0,105216425,105216522
105216522,41.868023,-87.656697,1302222438.0,105216495,105216573
105216573,41.868281,-87.656702,1302222441.0,105216522,105216625
105216625,41.868502,-87.656714,1302222444.0,105216573,105216686
105216686,41.868684,-87.656718,1302222447.0,105216625,105216795
105216795,41.868897,-87.656727,1302222452.0,105216686,105216920
105216920,41.869077,-87.65673,1302222457.0,105216795,105217015
105217015,41.869319,-87.656727,1302222461.0,105216920,105217084
105217084,41.869534,-87.656729,1302222464.0,105217015,105217155
105217155,41.869775,-87.656743,1302222467.0,105217084,105217232
105217232,41.870038,-87.656753,1302222470.0,105217155,105217281
105217281,41.870219,-87.656757,1302222472.0,105217232,105217355
105217355,41.870487,-87.656765,1302222475.0,105217281,105217425
105217425,41.870746,-87.656777,1302222478.0,105217355,105217466
105217466,41.871003,-87.656788,1302222481.0,105217425,105217471
105217471,41.871183,-87.656801,1302222483.0,105217466,105217484
105217484,41.871443,-87.656825,1302222486.0,105217471,105217501
105217501,41.871685,-87.656837,1302222489.0,105217484,105217521
105217521,41.871908,-87.656828,1302222492.0,105217501,105217552
105217552,41.872124,-87.656811,1302222496.0,105217521,105217616
105217616,41.872328,-87.656785,1302222503.0,105217552,105217657
105217657,41.872559,-87.656759,1302222507.0,105217616,105217690
105217690,41.872782,-87.656742,1302222510.0,105217657,105217725
105217725,41.873007,-87.656731,1302222513.0,105217690,105217761
105217761,41.873241,-87.656718,1302222516.0,105217725,105217799
105217799,41.873466,-87.656708,1302222519.0,105217761,105217838
105217838,41.873665,-87.656706,1302222522.0,105217799,105217893
105217893,41.873851,-87.656701,1302222526.0,105217838,105218146
105218146,41.874035,-87.656722,1302222543.0,105217893,105218245
105218245,41.874197,-87.656562,1302222549.0,105218146,105218314
105218314,41.874229,-87.656324,1302222553.0,105218245,105218384
105218384,41.874232,-87.655995,1302222557.0,105218314,105218438
105218438,41.874234,-87.655705,1302222560.0,105218384,105218492
105218492,41.874243,-87.655386,1302222563.0,105218438,105218547
105218547,41.874246,-87.655053,1302222566.0,105218492,105218603
105218603,41.874257,-87.654717,1302222569.0,105218547,105218661
105218661,41.874265,-87.654384,1302222572.0,105218603,105218721
105218721,41.874269,-87.654073,1302222575.0,105218661,105218779
105218779,41.874276,-87.653762,1302222578.0,105218721,105218840
105218840,41.87428,-87.653459,1302222581.0,105218779,105218901
105218901,41.874302,-87.653195,1302222584.0,105218840,105219113
105219113,41.874307,-87.65295,1302222594.0,105218901,105219217
105219217,41.874308,-87.6527,1302222599.0,105219113,105219353
105219353,41.874311,-87.652454,1302222605.0,105219217,None
