110820700,41.867334,-87.671756,1303302729.0,None,110820765
110820765,41.867152,-87.671688,1303302737.0,110820700,110820836
110820836,41.866985,-87.671507,1303302745.0,110820765,110820885
110820885,41.866801,-87.67146,1303302751.0,110820836,110820910
110820910,41.866757,-87.671208,1303302755.0,110820885,110820943
110820943,41.866777,-87.670898,1303302758.0,110820910,110820968
110820968,41.866786,-87.670632,1303302760.0,110820943,110820983
110820983,41.866796,-87.67032,1303302762.0,110820968,110821000
110821000,41.8668,-87.669978,1303302764.0,110820983,110821022
110821022,41.866801,-87.669631,1303302766.0,110821000,110821049
110821049,41.866803,-87.669282,1303302768.0,110821022,110821063
110821063,41.866798,-87.66894,1303302770.0,110821049,110821090
110821090,41.866791,-87.668591,1303302772.0,110821063,110821114
110821114,41.866785,-87.668243,1303302774.0,110821090,110821141
110821141,41.866783,-87.66789,1303302776.0,110821114,110821174
110821174,41.86679,-87.667534,1303302778.0,110821141,110821204
110821204,41.866803,-87.667188,1303302780.0,110821174,110821235
110821235,41.86681,-87.666866,1303302782.0,110821204,110821266
110821266,41.866825,-87.66661,1303302784.0,110821235,110821313
110821313,41.866932,-87.666364,1303302787.0,110821266,110821362
110821362,41.867132,-87.666245,1303302790.0,110821313,110821396
110821396,41.867312,-87.666239,1303302792.0,110821362,110821433
110821433,41.867517,-87.666267,1303302794.0,110821396,110821465
110821465,41.867729,-87.666287,1303302796.0,110821433,110821501
110821501,41.867935,-87.666298,1303302798.0,110821465,110821535
110821535,41.868129,-87.666304,1303302800.0,110821501,110821579
110821579,41.868391,-87.666301,1303302803.0,110821535,110821632
110821632,41.868631,-87.666285,1303302806.0,110821579,110821689
110821689,41.868855,-87.666276,1303302809.0,110821632,110821744
110821744,41.869037,-87.66628,1303302812.0,110821689,110821803
110821803,41.86922,-87.666288,1303302816.0,110821744,110821865
110821865,41.869406,-87.666295,1303302819.0,110821803,110821943
110821943,41.869629,-87.666303,1303302823.0,110821865,110822022
110822022,41.869855,-87.666309,1303302827.0,110821943,110822084
110822084,41.870098,-87.66633,1303302830.0,110822022,110822127
110822127,41.870294,-87.666341,1303302832.0,110822084,110822167
110822167,41.870513,-87.666353,1303302834.0,110822127,110822209
110822209,41.870748,-87.666364,1303302836.0,110822167,110822251
110822251,41.870983,-87.666373,1303302838.0,110822209,110822295
110822295,41.871219,-87.666376,1303302840.0,110822251,110822338
110822338,41.871441,-87.666383,1303302842.0,110822295,110822382
110822382,41.871638,-87.666388,1303302844.0,110822338,110822448
110822448,41.871903,-87.666388,1303302847.0,110822382,110822515
110822515,41.872155,-87.666389,1303302850.0,110822448,110822581
110822581,41.872389,-87.666394,1303302853.0,110822515,110822654
110822654,41.872569,-87.666384,1303302856.0,110822581,110822978
110822978,41.872757,-87.666442,1303302870.0,110822654,110823078
110823078,41.87294,-87.666456,1303302874.0,110822978,110823147
110823147,41.87315,-87.666461,1303302877.0,110823078,110823224
110823224,41.873365,-87.666479,1303302880.0,110823147,110823300
110823300,41.87357,-87.6665,1303302883.0,110823224,110823376
110823376,41.873801,-87.666496,1303302886.0,110823300,110823452
110823452,41.873994,-87.666492,1303302889.0,110823376,110823551
110823551,41.874203,-87.66649,1303302893.0,110823452,110823681
110823681,41.874283,-87.666213,1303302898.0,110823551,110823760
110823760,41.874263,-87.665864,1303302901.0,110823681,110823809
110823809,41.874246,-87.665572,1303302903.0,110823760,110823863
110823863,41.874237,-87.665273,1303302905.0,110823809,110823916
110823916,41.874216,-87.664958,1303302907.0,110823863,110823962
110823962,41.874202,-87.66465,1303302909.0,110823916,110824018
110824018,41.874179,-87.664321,1303302911.0,110823962,110824077
110824077,41.874161,-87.663989,1303302913.0,110824018,110824125
110824125,41.874146,-87.663656,1303302915.0,110824077,110824185
110824185,41.874138,-87.663308,1303302917.0,110824125,110824239
110824239,41.87413,-87.662941,1303302919.0,110824185,110824290
110824290,41.874128,-87.662578,1303302921.0,110824239,110824336
110824336,41.874126,-87.662223,1303302923.0,110824290,110824390
110824390,41.874128,-87.6619,1303302925.0,110824336,110824452
110824452,41.874133,-87.66159,1303302927.0,110824390,110824508
110824508,41.874138,-87.661272,1303302929.0,110824452,110824567
110824567,41.874143,-87.660952,1303302931.0,110824508,110824630
110824630,41.874147,-87.660619,1303302933.0,110824567,110824681
110824681,41.874153,-87.660282,1303302935.0,110824630,110824737
110824737,41.874162,-87.659949,1303302937.0,110824681,110824793
110824793,41.874165,-87.659602,1303302939.0,110824737,110824850
110824850,41.874167,-87.659257,1303302941.0,110824793,110824915
110824915,41.874168,-87.658917,1303302943.0,110824850,110824969
110824969,41.874169,-87.658585,1303302945.0,110824915,110825029
110825029,41.874171,-87.658263,1303302947.0,110824969,110825083
110825083,41.874172,-87.65795,1303302949.0,110825029,110825140
110825140,41.874178,-87.657655,1303302951.0,110825083,110825197
110825197,41.874178,-87.657407,1303302953.0,110825140,110825287
110825287,41.874181,-87.657162,1303302956.0,110825197,110825762
110825762,41.874206,-87.656902,1303302972.0,110825287,110825862
110825862,41.874215,-87.656629,1303302975.0,110825762,110825953
110825953,41.874228,-87.656253,1303302978.0,110825862,110826012
110826012,41.874232,-87.655964,1303302980.0,110825953,110826065
110826065,41.874238,-87.655667,1303302982.0,110826012,110826126
110826126,41.874245,-87.655368,1303302984.0,110826065,110826186
110826186,41.874253,-87.655064,1303302986.0,110826126,110826253
110826253,41.874269,-87.654761,1303302988.0,110826186,110826320
110826320,41.874279,-87.654458,1303302990.0,110826253,110826384
110826384,41.87429,-87.654155,1303302992.0,110826320,110826446
110826446,41.8743,-87.653853,1303302994.0,110826384,110826507
110826507,41.874307,-87.65355,1303302996.0,110826446,110826570
110826570,41.874311,-87.653244,1303302998.0,110826507,110826633
110826633,41.874312,-87.652934,1303303000.0,110826570,110826702
110826702,41.874318,-87.652627,1303303002.0,110826633,110826763
110826763,41.874324,-87.652321,1303303004.0,110826702,110826824
110826824,41.874323,-87.652017,1303303006.0,110826763,110826886
110826886,41.874326,-87.651724,1303303008.0,110826824,110826947
110826947,41.874328,-87.651438,1303303010.0,110826886,110827011
110827011,41.874332,-87.651153,1303303012.0,110826947,110827078
110827078,41.874334,-87.650867,1303303014.0,110827011,110827138
110827138,41.87434,-87.650586,1303303016.0,110827078,110827207
110827207,41.874343,-87.650315,1303303018.0,110827138,110827275
110827275,41.874345,-87.650045,1303303020.0,110827207,110827342
110827342,41.87435,-87.649779,1303303022.0,110827275,110827392
110827392,41.874358,-87.649507,1303303024.0,110827342,110827460
110827460,41.874367,-87.649239,1303303026.0,110827392,110827526
110827526,41.874373,-87.648968,1303303028.0,110827460,110827594
110827594,41.87438,-87.648704,1303303030.0,110827526,110827662
110827662,41.874381,-87.64845,1303303032.0,110827594,110827731
110827731,41.874375,-87.648205,1303303034.0,110827662,110827837
110827837,41.874347,-87.647852,1303303037.0,110827731,110827939
110827939,41.874297,-87.647487,1303303041.0,110827837,None
