35317287,41.863676,-87.650346,1303355316.0,None,35317668
35317668,41.863525,-87.650507,1303355345.0,35317287,35317766
35317766,41.863525,-87.650758,1303355351.0,35317668,35317914
35317914,41.863688,-87.650905,1303355360.0,35317766,35318000
35318000,41.863898,-87.650916,1303355365.0,35317914,35318073
35318073,41.864095,-87.650933,1303355369.0,35318000,35318143
35318143,41.864308,-87.650945,1303355373.0,35318073,35318220
35318220,41.864514,-87.650951,1303355377.0,35318143,35318356
35318356,41.864694,-87.650971,1303355384.0,35318220,35318437
35318437,41.86489,-87.650984,1303355388.0,35318356,35318496
35318496,41.865074,-87.650992,1303355391.0,35318437,35318551
35318551,41.865271,-87.651,1303355394.0,35318496,35318617
35318617,41.865481,-87.651008,1303355397.0,35318551,35318683
35318683,41.865698,-87.651013,1303355400.0,35318617,35318740
35318740,41.865916,-87.65102,1303355403.0,35318683,35318806
35318806,41.866142,-87.651025,1303355406.0,35318740,35318875
35318875,41.866366,-87.651032,1303355409.0,35318806,35318940
35318940,41.866587,-87.65105,1303355412.0,35318875,35319004
35319004,41.866785,-87.651063,1303355415.0,35318940,35319090
35319090,41.866999,-87.651121,1303355419.0,35319004,35319161
35319161,41.867102,-87.65137,1303355423.0,35319090,35319218
35319218,41.867112,-87.651632,1303355426.0,35319161,35319260
35319260,41.867108,-87.65191,1303355429.0,35319218,35319316
35319316,41.867106,-87.652165,1303355432.0,35319260,35319405
35319405,41.8671,-87.652477,1303355436.0,35319316,35319505
35319505,41.867097,-87.65276,1303355440.0,35319405,35319607
35319607,41.867099,-87.653002,1303355444.0,35319505,35319919
35319919,41.867105,-87.653259,1303355457.0,35319607,35320021
35320021,41.867111,-87.653528,1303355461.0,35319919,35320087
35320087,41.86712,-87.653788,1303355464.0,35320021,35320163
35320163,41.867118,-87.654084,1303355467.0,35320087,35320250
35320250,41.867101,-87.654405,1303355470.0,35320163,35320335
35320335,41.867098,-87.654736,1303355473.0,35320250,35320406
35320406,41.867098,-87.655079,1303355476.0,35320335,35320472
35320472,41.867095,-87.655417,1303355479.0,35320406,35320558
35320558,41.867094,-87.655736,1303355482.0,35320472,35320650
35320650,41.867086,-87.65602,1303355485.0,35320558,35320753
35320753,41.867082,-87.656313,1303355489.0,35320650,35321316
35321316,41.867096,-87.656589,1303355509.0,35320753,35321453
35321453,41.8673,-87.65666,1303355514.0,35321316,35321541
35321541,41.86748,-87.656682,1303355517.0,35321453,35321627
35321627,41.867698,-87.6567,1303355520.0,35321541,35321716
35321716,41.86793,-87.656702,1303355523.0,35321627,35321805
35321805,41.868169,-87.656706,1303355526.0,35321716,35321891
35321891,41.868408,-87.656719,1303355529.0,35321805,35321978
35321978,41.868657,-87.656727,1303355532.0,35321891,35322060
35322060,41.868903,-87.656732,1303355535.0,35321978,35322151
35322151,41.86914,-87.656736,1303355538.0,35322060,35322244
35322244,41.869367,-87.656737,1303355541.0,35322151,35322336
35322336,41.869599,-87.656749,1303355544.0,35322244,35322428
35322428,41.869844,-87.656763,1303355547.0,35322336,35322514
35322514,41.870103,-87.656777,1303355550.0,35322428,35322602
35322602,41.870368,-87.656787,1303355553.0,35322514,35322697
35322697,41.870634,-87.656795,1303355556.0,35322602,35322797
35322797,41.870898,-87.656804,1303355559.0,35322697,35322893
35322893,41.871165,-87.656817,1303355562.0,35322797,35322979
35322979,41.871422,-87.656828,1303355565.0,35322893,35323071
35323071,41.871655,-87.656813,1303355568.0,35322979,35323169
35323169,41.871864,-87.656801,1303355571.0,35323071,35323293
35323293,41.872071,-87.656786,1303355575.0,35323169,35323511
35323511,41.872264,-87.656777,1303355582.0,35323293,35323643
35323643,41.87249,-87.656771,1303355586.0,35323511,35323746
35323746,41.872688,-87.65676,1303355589.0,35323643,35323848
35323848,41.872899,-87.656745,1303355592.0,35323746,35323940
35323940,41.873112,-87.656727,1303355595.0,35323848,35324036
35324036,41.873329,-87.656724,1303355598.0,35323940,35324133
35324133,41.873544,-87.65673,1303355601.0,35324036,35324205
35324205,41.873739,-87.656737,1303355604.0,35324133,35324341
35324341,41.873954,-87.656745,1303355608.0,35324205,35324576
35324576,41.874146,-87.656737,1303355615.0,35324341,35324739
35324739,41.874197,-87.656489,1303355620.0,35324576,35324810
35324810,41.874192,-87.656187,1303355624.0,35324739,35324823
35324823,41.874194,-87.655922,1303355627.0,35324810,35324840
35324840,41.874197,-87.655643,1303355630.0,35324823,35324860
35324860,41.874205,-87.655367,1303355633.0,35324840,35324883
35324883,41.874208,-87.655077,1303355636.0,35324860,35324908
35324908,41.87422,-87.654781,1303355639.0,35324883,35324931
35324931,41.874235,-87.654482,1303355642.0,35324908,35324962
35324962,41.874245,-87.654175,1303355645.0,35324931,35324992
35324992,41.874251,-87.653876,1303355648.0,35324962,35325025
35325025,41.874255,-87.653589,1303355651.0,35324992,35325060
35325060,41.874261,-87.653311,1303355654.0,35325025,35325096
35325096,41.874264,-87.653044,1303355657.0,35325060,35325134
35325134,41.874267,-87.652768,1303355660.0,35325096,35325173
35325173,41.874269,-87.652507,1303355663.0,35325134,35325228
35325228,41.874277,-87.652204,1303355667.0,35325173,35325369
35325369,41.874286,-87.651922,1303355678.0,35325228,35325453
35325453,41.87429,-87.651646,1303355683.0,35325369,35325497
35325497,41.87429,-87.651404,1303355686.0,35325453,35325551
35325551,41.874297,-87.65114,1303355689.0,35325497,35325600
35325600,41.874306,-87.650858,1303355692.0,35325551,35325651
35325651,41.874317,-87.650569,1303355695.0,35325600,35325708
35325708,41.874324,-87.650281,1303355698.0,35325651,35325756
35325756,41.874331,-87.649885,1303355702.0,35325708,35325815
35325815,41.874337,-87.649593,1303355705.0,35325756,35325872
35325872,41.874332,-87.649295,1303355708.0,35325815,35325924
35325924,41.87433,-87.648987,1303355711.0,35325872,35325985
35325985,41.874333,-87.648687,1303355714.0,35325924,35326047
35326047,41.874339,-87.648394,1303355717.0,35325985,35326102
35326102,41.874303,-87.648107,1303355720.0,35326047,35326164
35326164,41.87426,-87.647836,1303355723.0,35326102,35326229
35326229,41.874219,-87.647575,1303355726.0,35326164,35326310
35326310,41.87416,-87.647292,1303355730.0,35326229,35326376
35326376,41.873962,-87.647196,1303355734.0,35326310,35326460
35326460,41.873737,-87.647174,1303355738.0,35326376,35326527
35326527,41.873534,-87.647174,1303355741.0,35326460,35326590
35326590,41.873317,-87.647171,1303355744.0,35326527,35326655
35326655,41.873096,-87.647169,1303355747.0,35326590,35326726
35326726,41.872876,-87.647161,1303355750.0,35326655,35326799
35326799,41.872691,-87.647109,1303355753.0,35326726,35326861
35326861,41.872481,-87.647105,1303355756.0,35326799,35326900
35326900,41.87227,-87.647102,1303355759.0,35326861,35326972
35326972,41.872055,-87.647091,1303355762.0,35326900,35327014
35327014,41.87184,-87.64708,1303355765.0,35326972,35327073
35327073,41.871626,-87.647072,1303355768.0,35327014,35327134
35327134,41.87141,-87.647065,1303355771.0,35327073,35327201
35327201,41.871196,-87.647062,1303355774.0,35327134,35327272
35327272,41.870977,-87.64706,1303355777.0,35327201,35327349
35327349,41.870753,-87.647057,1303355780.0,35327272,35327426
35327426,41.870533,-87.647054,1303355783.0,35327349,35327502
35327502,41.870327,-87.647038,1303355786.0,35327426,35327573
35327573,41.87013,-87.647035,1303355789.0,35327502,35327650
35327650,41.869941,-87.647039,1303355792.0,35327573,35327729
35327729,41.869739,-87.647034,1303355795.0,35327650,35327812
35327812,41.869519,-87.647027,1303355798.0,35327729,35327883
35327883,41.869292,-87.647022,1303355801.0,35327812,35327961
35327961,41.86906,-87.647016,1303355804.0,35327883,35328038
35328038,41.868822,-87.64701,1303355807.0,35327961,35328122
35328122,41.868592,-87.647005,1303355810.0,35328038,35328203
35328203,41.868376,-87.646998,1303355813.0,35328122,35328285
35328285,41.868188,-87.646991,1303355816.0,35328203,35328397
35328397,41.867953,-87.64698,1303355820.0,35328285,35328503
35328503,41.867748,-87.646974,1303355824.0,35328397,35328946
35328946,41.867547,-87.646965,1303355840.0,35328503,35329084
35329084,41.867318,-87.646941,1303355845.0,35328946,35329159
35329159,41.867125,-87.646919,1303355848.0,35329084,35329222
35329222,41.866911,-87.646896,1303355851.0,35329159,35329313
35329313,41.866694,-87.646881,1303355854.0,35329222,35329410
35329410,41.86647,-87.646877,1303355857.0,35329313,35329509
35329509,41.866254,-87.646866,1303355860.0,35329410,35329613
35329613,41.866034,-87.646863,1303355864.0,35329509,35329917
35329917,41.865855,-87.646894,1303355874.0,35329613,None
