14520747,41.869257,-87.66604,1302482158.0,None,14520928
14520928,41.869262,-87.666291,1302482176.0,14520747,14520964
14520964,41.869257,-87.666557,1302482179.0,14520928,14521002
14521002,41.869234,-87.666902,1302482182.0,14520964,14521028
14521028,41.869225,-87.667162,1302482184.0,14521002,14521054
14521054,41.869213,-87.667429,1302482186.0,14521028,14521082
14521082,41.8692,-87.667693,1302482188.0,14521054,14521110
14521110,41.869184,-87.667947,1302482190.0,14521082,14521138
14521138,41.869175,-87.668194,1302482192.0,14521110,14521181
14521181,41.869167,-87.668534,1302482195.0,14521138,14521220
14521220,41.869148,-87.668787,1302482198.0,14521181,14521326
14521326,41.869117,-87.669042,1302482205.0,14521220,14521389
14521389,41.869165,-87.669282,1302482209.0,14521326,14521443
14521443,41.869219,-87.669515,1302482212.0,14521389,14521507
14521507,41.8693,-87.669768,1302482216.0,14521443,14521563
14521563,41.869319,-87.670012,1302482219.0,14521507,14521616
14521616,41.869326,-87.670338,1302482222.0,14521563,14521669
14521669,41.869318,-87.670665,1302482225.0,14521616,14521880
14521880,41.869307,-87.670916,1302482236.0,14521669,14522040
14522040,41.86935,-87.671158,1302482244.0,14521880,14522125
14522125,41.869518,-87.671269,1302482248.0,14522040,14522183
14522183,41.869682,-87.671427,1302482251.0,14522125,14522242
14522242,41.869796,-87.671624,1302482254.0,14522183,14522328
14522328,41.869898,-87.671886,1302482258.0,14522242,14522455
14522455,41.869844,-87.672196,1302482269.0,14522328,14522533
14522533,41.869858,-87.672522,1302482273.0,14522455,14522588
14522588,41.869917,-87.672853,1302482276.0,14522533,14522627
14522627,41.869959,-87.673098,1302482278.0,14522588,14522662
14522662,41.869986,-87.673357,1302482280.0,14522627,14522707
14522707,41.87,-87.673617,1302482282.0,14522662,14522755
14522755,41.870004,-87.673875,1302482284.0,14522707,14522819
14522819,41.869959,-87.674246,1302482287.0,14522755,14522886
14522886,41.869888,-87.674516,1302482290.0,14522819,14522956
14522956,41.869784,-87.67472,1302482293.0,14522886,14523008
14523008,41.869609,-87.675002,1302482295.0,14522956,14523077
14523077,41.869476,-87.675221,1302482298.0,14523008,14523147
14523147,41.86936,-87.675421,1302482301.0,14523077,14523518
14523518,41.869261,-87.675632,1302482316.0,14523147,14524130
14524130,41.869201,-87.675862,1302482340.0,14523518,14524208
14524208,41.869162,-87.676167,1302482343.0,14524130,14524256
14524256,41.869138,-87.676412,1302482345.0,14524208,14524309
14524309,41.869116,-87.676672,1302482347.0,14524256,14524363
14524363,41.869099,-87.67695,1302482349.0,14524309,14524414
14524414,41.869086,-87.677242,1302482351.0,14524363,14524472
14524472,41.869068,-87.677693,1302482354.0,14524414,14524533
14524533,41.869058,-87.677996,1302482356.0,14524472,14524589
14524589,41.869047,-87.678291,1302482358.0,14524533,14524646
14524646,41.869038,-87.678579,1302482360.0,14524589,14524704
14524704,41.869032,-87.678869,1302482362.0,14524646,14524754
14524754,41.869031,-87.679166,1302482364.0,14524704,14524806
14524806,41.869029,-87.679459,1302482366.0,14524754,14524848
14524848,41.869029,-87.679737,1302482368.0,14524806,14524898
14524898,41.869026,-87.679986,1302482370.0,14524848,14524993
14524993,41.869005,-87.68025,1302482373.0,14524898,14525678
14525678,41.869001,-87.680492,1302482397.0,14524993,14525831
14525831,41.869014,-87.680744,1302482402.0,14525678,14525923
14525923,41.869024,-87.680989,1302482405.0,14525831,14526009
14526009,41.869031,-87.681331,1302482408.0,14525923,14526064
14526064,41.869026,-87.681588,1302482410.0,14526009,14526125
14526125,41.869017,-87.681852,1302482412.0,14526064,14526190
14526190,41.869008,-87.682113,1302482414.0,14526125,14526249
14526249,41.869002,-87.682366,1302482416.0,14526190,14526314
14526314,41.868998,-87.682608,1302482418.0,14526249,14526410
14526410,41.86899,-87.682961,1302482421.0,14526314,14526496
14526496,41.868969,-87.683283,1302482424.0,14526410,14527071
14527071,41.868968,-87.683542,1302482442.0,14526496,14527261
14527261,41.869,-87.683781,1302482448.0,14527071,14527394
14527394,41.869087,-87.684059,1302482452.0,14527261,14527495
14527495,41.869121,-87.684309,1302482455.0,14527394,14527659
14527659,41.869103,-87.684558,1302482460.0,14527495,14527824
14527824,41.869154,-87.684841,1302482465.0,14527659,14527891
14527891,41.869179,-87.685125,1302482468.0,14527824,14527990
14527990,41.869167,-87.685447,1302482471.0,14527891,14528122
14528122,41.869108,-87.685719,1302482475.0,14527990,14528351
14528351,41.86899,-87.685926,1302482482.0,14528122,14528732
14528732,41.869195,-87.686026,1302482493.0,14528351,14528837
14528837,41.869418,-87.686046,1302482496.0,14528732,14528936
14528936,41.869682,-87.68606,1302482499.0,14528837,14529005
14529005,41.869867,-87.686068,1302482501.0,14528936,14529081
14529081,41.87006,-87.686071,1302482503.0,14529005,14529153
14529153,41.870258,-87.686079,1302482505.0,14529081,14529219
14529219,41.870458,-87.686089,1302482507.0,14529153,14529295
14529295,41.87066,-87.686104,1302482509.0,14529219,14529363
14529363,41.870867,-87.686119,1302482511.0,14529295,14529429
14529429,41.871084,-87.686125,1302482513.0,14529363,14529498
14529498,41.871308,-87.686132,1302482515.0,14529429,14529570
14529570,41.871531,-87.68614,1302482517.0,14529498,14529643
14529643,41.871752,-87.68615,1302482519.0,14529570,14529720
14529720,41.871975,-87.686152,1302482521.0,14529643,14529790
14529790,41.872194,-87.686152,1302482523.0,14529720,14529862
14529862,41.872396,-87.68615,1302482525.0,14529790,14529935
14529935,41.872582,-87.686164,1302482527.0,14529862,14530043
14530043,41.872849,-87.686171,1302482530.0,14529935,14530146
14530146,41.873114,-87.686169,1302482533.0,14530043,14530254
14530254,41.87334,-87.686178,1302482536.0,14530146,14530433
14530433,41.873538,-87.686189,1302482541.0,14530254,14531071
14531071,41.873718,-87.686185,1302482559.0,14530433,14531294
14531294,41.8738,-87.685942,1302482565.0,14531071,14531402
14531402,41.873821,-87.68564,1302482568.0,14531294,14531413
14531413,41.873826,-87.685378,1302482570.0,14531402,14531478
14531478,41.873825,-87.685116,1302482572.0,14531413,14531512
14531512,41.873819,-87.684865,1302482574.0,14531478,14531578
14531578,41.873825,-87.684614,1302482576.0,14531512,14531678
14531678,41.873839,-87.684284,1302482579.0,14531578,14531848
14531848,41.873861,-87.684028,1302482584.0,14531678,14532547
14532547,41.87388,-87.683782,1302482604.0,14531848,14532658
14532658,41.87389,-87.683433,1302482607.0,14532547,14532733
14532733,41.873899,-87.683146,1302482609.0,14532658,14532804
14532804,41.873905,-87.68283,1302482611.0,14532733,14532878
14532878,41.873907,-87.682511,1302482613.0,14532804,14532943
14532943,41.873907,-87.682203,1302482615.0,14532878,14533014
14533014,41.873912,-87.681923,1302482617.0,14532943,14533128
14533128,41.873918,-87.681629,1302482620.0,14533014,14533351
14533351,41.873928,-87.681368,1302482626.0,14533128,14533459
14533459,41.873932,-87.681096,1302482629.0,14533351,14533530
14533530,41.873934,-87.680843,1302482631.0,14533459,14533603
14533603,41.873942,-87.680552,1302482633.0,14533530,14533679
14533679,41.873951,-87.680251,1302482635.0,14533603,14533748
14533748,41.873957,-87.679937,1302482637.0,14533679,14533821
14533821,41.873957,-87.679622,1302482639.0,14533748,14533896
14533896,41.873962,-87.679315,1302482641.0,14533821,14533970
14533970,41.873968,-87.679008,1302482643.0,14533896,14534044
14534044,41.873975,-87.678706,1302482645.0,14533970,14534115
14534115,41.873978,-87.678401,1302482647.0,14534044,14534183
14534183,41.873983,-87.678098,1302482649.0,14534115,14534251
14534251,41.873988,-87.677809,1302482651.0,14534183,14534323
14534323,41.873997,-87.677533,1302482653.0,14534251,14534388
14534388,41.874003,-87.677267,1302482655.0,14534323,14534495
14534495,41.873994,-87.676928,1302482658.0,14534388,None
