28596425,41.869539,-87.647797,1301922015.0,None,28596779
28596779,41.869555,-87.6475,1301922027.0,28596425,28596907
28596907,41.869562,-87.647214,1301922031.0,28596779,28597019
28597019,41.86944,-87.647024,1301922035.0,28596907,28597147
28597147,41.869192,-87.647035,1301922039.0,28597019,28597244
28597244,41.868954,-87.647035,1301922042.0,28597147,28597304
28597304,41.868771,-87.647031,1301922044.0,28597244,28597369
28597369,41.868578,-87.647026,1301922046.0,28597304,28597427
28597427,41.868378,-87.647029,1301922048.0,28597369,28597488
28597488,41.868184,-87.647044,1301922050.0,28597427,28597555
28597555,41.867999,-87.647054,1301922052.0,28597488,28597658
28597658,41.867757,-87.647058,1301922055.0,28597555,28597752
28597752,41.867562,-87.647056,1301922058.0,28597658,28597901
28597901,41.867364,-87.647055,1301922063.0,28597752,28598100
28598100,41.867236,-87.64728,1301922069.0,28597901,28598230
28598230,41.867221,-87.647614,1301922073.0,28598100,28598337
28598337,41.867222,-87.647933,1301922076.0,28598230,28598426
28598426,41.867218,-87.648255,1301922079.0,28598337,28598529
28598529,41.867211,-87.648577,1301922082.0,28598426,28598629
28598629,41.86721,-87.648907,1301922085.0,28598529,28598738
28598738,41.867206,-87.649238,1301922088.0,28598629,28598790
28598790,41.867203,-87.649575,1301922091.0,28598738,28598801
28598801,41.867201,-87.649919,1301922094.0,28598790,28598817
28598817,41.867204,-87.650261,1301922097.0,28598801,28598836
28598836,41.867217,-87.650523,1301922100.0,28598817,28599047
28599047,41.867215,-87.650773,1301922122.0,28598836,28599406
28599406,41.867205,-87.651024,1301922148.0,28599047,28599468
28599468,41.867177,-87.651325,1301922152.0,28599406,28599515
28599515,41.867173,-87.651652,1301922155.0,28599468,28599548
28599548,41.86717,-87.651903,1301922157.0,28599515,28599580
28599580,41.867165,-87.652163,1301922159.0,28599548,28599614
28599614,41.86716,-87.65242,1301922161.0,28599580,28599650
28599650,41.867155,-87.652681,1301922163.0,28599614,28599685
28599685,41.867149,-87.652947,1301922165.0,28599650,28599721
28599721,41.867144,-87.65322,1301922167.0,28599685,28599756
28599756,41.867138,-87.653506,1301922169.0,28599721,28599794
28599794,41.867132,-87.653802,1301922171.0,28599756,28599832
28599832,41.867126,-87.654104,1301922173.0,28599794,28599869
28599869,41.867121,-87.654411,1301922175.0,28599832,28599906
28599906,41.867114,-87.65472,1301922177.0,28599869,28599945
28599945,41.867105,-87.655033,1301922179.0,28599906,28599983
28599983,41.867101,-87.655353,1301922181.0,28599945,28600023
28600023,41.867099,-87.655674,1301922183.0,28599983,28600044
28600044,41.867095,-87.655993,1301922185.0,28600023,28600079
28600079,41.867092,-87.656309,1301922187.0,28600044,28600119
28600119,41.867086,-87.656624,1301922189.0,28600079,28600159
28600159,41.86708,-87.65694,1301922191.0,28600119,28600201
28600201,41.867073,-87.65726,1301922193.0,28600159,28600243
28600243,41.867068,-87.657585,1301922195.0,28600201,28600282
28600282,41.86706,-87.657907,1301922197.0,28600243,28600325
28600325,41.867053,-87.658227,1301922199.0,28600282,28600368
28600368,41.867049,-87.658553,1301922201.0,28600325,28600412
28600412,41.867046,-87.658883,1301922203.0,28600368,28600454
28600454,41.86704,-87.659216,1301922205.0,28600412,28600494
28600494,41.867035,-87.659551,1301922207.0,28600454,28600539
28600539,41.867028,-87.659889,1301922209.0,28600494,28600583
28600583,41.867022,-87.660229,1301922211.0,28600539,28600629
28600629,41.867017,-87.660572,1301922213.0,28600583,28600677
28600677,41.867012,-87.660913,1301922215.0,28600629,28600717
28600717,41.867011,-87.661256,1301922217.0,28600677,28600762
28600762,41.867006,-87.661599,1301922219.0,28600717,28600808
28600808,41.867001,-87.661939,1301922221.0,28600762,28600833
28600833,41.866995,-87.66228,1301922223.0,28600808,28600861
28600861,41.866988,-87.662625,1301922225.0,28600833,28600894
28600894,41.866983,-87.662968,1301922227.0,28600861,28600933
28600933,41.866977,-87.663312,1301922229.0,28600894,28600966
28600966,41.866972,-87.663653,1301922231.0,28600933,28601006
28601006,41.866965,-87.663984,1301922233.0,28600966,28601047
28601047,41.86696,-87.664289,1301922235.0,28601006,28601087
28601087,41.866959,-87.664549,1301922237.0,28601047,28601154
28601154,41.866954,-87.664847,1301922240.0,28601087,28601257
28601257,41.866949,-87.665101,1301922244.0,28601154,28601961
28601961,41.866944,-87.66535,1301922272.0,28601257,28602059
28602059,41.866938,-87.665664,1301922276.0,28601961,28602140
28602140,41.866935,-87.665957,1301922279.0,28602059,28602220
28602220,41.866933,-87.666271,1301922282.0,28602140,28602301
28602301,41.86693,-87.666606,1301922285.0,28602220,28602380
28602380,41.86693,-87.666921,1301922288.0,28602301,28602460
28602460,41.866926,-87.66723,1301922291.0,28602380,28602543
28602543,41.866926,-87.667546,1301922294.0,28602460,28602624
28602624,41.866929,-87.667838,1301922297.0,28602543,28602726
28602726,41.866931,-87.668087,1301922301.0,28602624,28603071
28603071,41.866939,-87.66835,1301922313.0,28602726,28603308
28603308,41.866946,-87.668595,1301922323.0,28603071,28603633
28603633,41.866996,-87.668861,1301922334.0,28603308,28603727
28603727,41.867176,-87.668917,1301922338.0,28603633,28603818
28603818,41.867375,-87.668908,1301922341.0,28603727,28603909
28603909,41.867607,-87.668904,1301922344.0,28603818,28604005
28604005,41.867858,-87.668907,1301922347.0,28603909,28604092
28604092,41.868107,-87.668911,1301922350.0,28604005,28604182
28604182,41.86833,-87.668923,1301922353.0,28604092,28604275
28604275,41.868551,-87.668928,1301922356.0,28604182,28604369
28604369,41.868774,-87.668923,1301922359.0,28604275,28604504
28604504,41.868981,-87.668921,1301922363.0,28604369,28604894
28604894,41.869166,-87.668933,1301922376.0,28604504,28605084
28605084,41.86926,-87.669141,1301922382.0,28604894,28605223
28605223,41.869242,-87.669459,1301922386.0,28605084,28605320
28605320,41.869237,-87.669754,1301922389.0,28605223,28605417
28605417,41.869239,-87.670073,1301922392.0,28605320,28605511
28605511,41.869266,-87.670375,1301922395.0,28605417,28605603
28605603,41.869268,-87.670642,1301922398.0,28605511,28605743
28605743,41.869266,-87.670931,1301922402.0,28605603,28606478
28606478,41.869274,-87.671185,1301922424.0,28605743,28606961
28606961,41.869077,-87.671276,1301922438.0,28606478,28607130
28607130,41.868898,-87.671331,1301922443.0,28606961,28607348
28607348,41.868895,-87.671675,1301922449.0,28607130,28607462
28607462,41.868915,-87.672035,1301922452.0,28607348,28607534
28607534,41.868922,-87.672285,1301922454.0,28607462,28607607
28607607,41.868929,-87.672531,1301922456.0,28607534,28607702
28607702,41.868964,-87.672878,1301922459.0,28607607,28607789
28607789,41.869018,-87.673152,1301922462.0,28607702,28607961
28607961,41.869109,-87.673393,1301922467.0,28607789,28608229
28608229,41.869283,-87.673504,1301922474.0,28607961,28608362
28608362,41.869431,-87.673643,1301922479.0,28608229,28608504
28608504,41.869577,-87.673877,1301922483.0,28608362,28608603
28608603,41.869763,-87.673998,1301922486.0,28608504,28608675
28608675,41.86995,-87.674002,1301922488.0,28608603,28608754
28608754,41.87014,-87.67399,1301922490.0,28608675,28608831
28608831,41.870323,-87.673978,1301922492.0,28608754,28608907
28608907,41.870514,-87.673955,1301922494.0,28608831,28608983
28608983,41.870702,-87.673933,1301922496.0,28608907,28609100
28609100,41.870941,-87.673938,1301922499.0,28608983,28609205
28609205,41.871121,-87.673958,1301922502.0,28609100,28609303
28609303,41.871297,-87.673867,1301922505.0,28609205,28609486
28609486,41.87146,-87.673762,1301922510.0,28609303,28609711
28609711,41.871499,-87.673497,1301922516.0,28609486,None
