104904425,41.874489,-87.641225,1302092567.0,None,104904471
104904471,41.874303,-87.64124,1302092573.0,104904425,104904498
104904498,41.874335,-87.641534,1302092576.0,104904471,104904523
104904523,41.874396,-87.641866,1302092579.0,104904498,104904553
104904553,41.874446,-87.642116,1302092582.0,104904523,104904870
104904870,41.874526,-87.642387,1302092607.0,104904553,104904914
104904914,41.874524,-87.642652,1302092610.0,104904870,104904945
104904945,41.874514,-87.643021,1302092613.0,104904914,104904978
104904978,41.874498,-87.643292,1302092615.0,104904945,104905011
104905011,41.874487,-87.643567,1302092617.0,104904978,104905042
104905042,41.874481,-87.643841,1302092619.0,104905011,104905073
104905073,41.87448,-87.644106,1302092621.0,104905042,104905108
104905108,41.874467,-87.644377,1302092623.0,104905073,104905143
104905143,41.87445,-87.644657,1302092625.0,104905108,104905176
104905176,41.874446,-87.644947,1302092627.0,104905143,104905209
104905209,41.874435,-87.645241,1302092629.0,104905176,104905245
104905245,41.874423,-87.645534,1302092631.0,104905209,104905282
104905282,41.874416,-87.645809,1302092633.0,104905245,104905317
104905317,41.874406,-87.646076,1302092635.0,104905282,104905353
104905353,41.874397,-87.646335,1302092637.0,104905317,104905406
104905406,41.87439,-87.64667,1302092640.0,104905353,104905463
104905463,41.874375,-87.646921,1302092643.0,104905406,104905938
104905938,41.87428,-87.64719,1302092667.0,104905463,104906003
104906003,41.874091,-87.647292,1302092670.0,104905938,104906048
104906048,41.873907,-87.647293,1302092672.0,104906003,104906095
104906095,41.8737,-87.647275,1302092674.0,104906048,104906136
104906136,41.873474,-87.647257,1302092676.0,104906095,104906155
104906155,41.873237,-87.647244,1302092678.0,104906136,104906201
104906201,41.873002,-87.647234,1302092680.0,104906155,104906250
104906250,41.872781,-87.647214,1302092682.0,104906201,104906295
104906295,41.87257,-87.647194,1302092684.0,104906250,104906339
104906339,41.872382,-87.647189,1302092686.0,104906295,104906403
104906403,41.87216,-87.64717,1302092689.0,104906339,104906500
104906500,41.871916,-87.647136,1302092693.0,104906403,104906571
104906571,41.871678,-87.647109,1302092696.0,104906500,104906639
104906639,41.871406,-87.647102,1302092699.0,104906571,104906687
104906687,41.871199,-87.647104,1302092701.0,104906639,104906736
104906736,41.870984,-87.647106,1302092703.0,104906687,104906782
104906782,41.870765,-87.647105,1302092705.0,104906736,104906830
104906830,41.870544,-87.6471,1302092707.0,104906782,104906873
104906873,41.870321,-87.647105,1302092709.0,104906830,104906919
104906919,41.870105,-87.647106,1302092711.0,104906873,104906974
104906974,41.869922,-87.647101,1302092713.0,104906919,104907050
104907050,41.869739,-87.647108,1302092716.0,104906974,104907671
104907671,41.869638,-87.647327,1302092740.0,104907050,104907752
104907752,41.869632,-87.647615,1302092743.0,104907671,104907830
104907830,41.869633,-87.647967,1302092746.0,104907752,104907908
104907908,41.869641,-87.648287,1302092749.0,104907830,104907993
104907993,41.869644,-87.648558,1302092752.0,104907908,104908075
104908075,41.869642,-87.648891,1302092755.0,104907993,104908128
104908128,41.869639,-87.649153,1302092757.0,104908075,104908183
104908183,41.869637,-87.649419,1302092759.0,104908128,104908241
104908241,41.869636,-87.649674,1302092761.0,104908183,104908298
104908298,41.869629,-87.649917,1302092763.0,104908241,104908367
104908367,41.869609,-87.650246,1302092766.0,104908298,104908445
104908445,41.869586,-87.650511,1302092769.0,104908367,104909011
104909011,41.86958,-87.650782,1302092789.0,104908445,104909100
104909100,41.869569,-87.651054,1302092793.0,104909011,104909150
104909150,41.86956,-87.651335,1302092796.0,104909100,104909219
104909219,41.869554,-87.651668,1302092799.0,104909150,104909296
104909296,41.869544,-87.652012,1302092802.0,104909219,104909369
104909369,41.869535,-87.652362,1302092805.0,104909296,104909449
104909449,41.869518,-87.652701,1302092808.0,104909369,104909537
104909537,41.8695,-87.653024,1302092811.0,104909449,104909629
104909629,41.869482,-87.653313,1302092814.0,104909537,104909750
104909750,41.869477,-87.653603,1302092818.0,104909629,104909893
104909893,41.869485,-87.653874,1302092823.0,104909750,104910169
104910169,41.869494,-87.654126,1302092832.0,104909893,104910317
104910317,41.869473,-87.654436,1302092837.0,104910169,104910406
104910406,41.869471,-87.654777,1302092840.0,104910317,104910498
104910498,41.86947,-87.655131,1302092843.0,104910406,104910593
104910593,41.869477,-87.65548,1302092846.0,104910498,104910687
104910687,41.869498,-87.655799,1302092849.0,104910593,104910780
104910780,41.869527,-87.656062,1302092852.0,104910687,104911357
104911357,41.869605,-87.656321,1302092870.0,104910780,104911456
104911456,41.869599,-87.65665,1302092874.0,104911357,104911465
104911465,41.869591,-87.656961,1302092877.0,104911456,104911479
104911479,41.869569,-87.657295,1302092880.0,104911465,104911497
104911497,41.869548,-87.657653,1302092883.0,104911479,104911511
104911511,41.869545,-87.657918,1302092885.0,104911497,104911526
104911526,41.869551,-87.658185,1302092887.0,104911511,104911542
104911542,41.869556,-87.658458,1302092889.0,104911526,104911559
104911559,41.869556,-87.658735,1302092891.0,104911542,104911577
104911577,41.869549,-87.659013,1302092893.0,104911559,104911596
104911596,41.869541,-87.659293,1302092895.0,104911577,104911616
104911616,41.869536,-87.659584,1302092897.0,104911596,104911636
104911636,41.869536,-87.659872,1302092899.0,104911616,104911658
104911658,41.869531,-87.660154,1302092901.0,104911636,104911680
104911680,41.869519,-87.66042,1302092903.0,104911658,104911703
104911703,41.869503,-87.660668,1302092905.0,104911680,104911739
104911739,41.869485,-87.66099,1302092908.0,104911703,104911776
104911776,41.869472,-87.661301,1302092911.0,104911739,104911810
104911810,41.869456,-87.661614,1302092914.0,104911776,104911851
104911851,41.869448,-87.661924,1302092917.0,104911810,104911891
104911891,41.869435,-87.662253,1302092920.0,104911851,104911936
104911936,41.869417,-87.662566,1302092923.0,104911891,104911970
104911970,41.869407,-87.662828,1302092926.0,104911936,104912035
104912035,41.86941,-87.663146,1302092930.0,104911970,104912078
104912078,41.869431,-87.663408,1302092933.0,104912035,104912128
104912128,41.869435,-87.663661,1302092936.0,104912078,104912209
104912209,41.869434,-87.663934,1302092941.0,104912128,104912297
104912297,41.869426,-87.664212,1302092946.0,104912209,104912345
104912345,41.869424,-87.664548,1302092949.0,104912297,104912382
104912382,41.869423,-87.664803,1302092951.0,104912345,104912420
104912420,41.869419,-87.665071,1302092953.0,104912382,104912457
104912457,41.869416,-87.665331,1302092955.0,104912420,104912490
104912490,41.869415,-87.665575,1302092957.0,104912457,104912545
104912545,41.869416,-87.665892,1302092960.0,104912490,104912921
104912921,41.869395,-87.666162,1302092979.0,104912545,104913008
104913008,41.869409,-87.666463,1302092983.0,104912921,104913064
104913064,41.869427,-87.66681,1302092986.0,104913008,104913108
104913108,41.869419,-87.667087,1302092988.0,104913064,104913153
104913153,41.869412,-87.667371,1302092990.0,104913108,104913198
104913198,41.869409,-87.667645,1302092992.0,104913153,104913241
104913241,41.869403,-87.667914,1302092994.0,104913198,104913283
104913283,41.869394,-87.668176,1302092996.0,104913241,104913315
104913315,41.869392,-87.668418,1302092998.0,104913283,104913350
104913350,41.8694,-87.668682,1302093001.0,104913315,104913470
104913470,41.869391,-87.668956,1302093008.0,104913350,104913550
104913550,41.869383,-87.669266,1302093012.0,104913470,104913607
104913607,41.869377,-87.66953,1302093015.0,104913550,104913676
104913676,41.869361,-87.669781,1302093018.0,104913607,104913775
104913775,41.869388,-87.670067,1302093022.0,104913676,None
