11153211,41.87433,-87.646991,1302179243.0,None,11153492
11153492,41.874215,-87.647196,1302179269.0,11153211,11153532
11153532,41.874006,-87.647247,1302179272.0,11153492,11153574
11153574,41.873736,-87.64724,1302179275.0,11153532,11153602
11153602,41.873519,-87.647246,1302179277.0,11153574,11153631
11153631,41.873281,-87.64724,1302179279.0,11153602,11153661
11153661,41.873045,-87.647216,1302179281.0,11153631,11153691
11153691,41.872807,-87.647194,1302179283.0,11153661,11153721
11153721,41.872585,-87.64717,1302179285.0,11153691,11153769
11153769,41.87234,-87.647142,1302179288.0,11153721,11154125
11154125,41.872148,-87.647107,1302179309.0,11153769,11154198
11154198,41.871948,-87.647088,1302179313.0,11154125,11154254
11154254,41.871728,-87.647091,1302179316.0,11154198,11154313
11154313,41.871464,-87.647102,1302179319.0,11154254,11154353
11154353,41.871255,-87.6471,1302179321.0,11154313,11154390
11154390,41.871036,-87.647095,1302179323.0,11154353,11154428
11154428,41.870808,-87.647088,1302179325.0,11154390,11154466
11154466,41.870577,-87.647081,1302179327.0,11154428,11154507
11154507,41.87035,-87.647074,1302179329.0,11154466,11154549
11154549,41.870149,-87.647066,1302179331.0,11154507,11154611
11154611,41.869955,-87.647052,1302179334.0,11154549,11154846
11154846,41.869768,-87.647048,1302179345.0,11154611,11154954
11154954,41.869595,-87.647186,1302179352.0,11154846,11154994
11154994,41.869607,-87.647447,1302179355.0,11154954,11155045
11155045,41.869587,-87.647784,1302179358.0,11154994,11155082
11155082,41.869575,-87.64804,1302179360.0,11155045,11155123
11155123,41.869574,-87.648298,1302179362.0,11155082,11155167
11155167,41.869572,-87.648547,1302179364.0,11155123,11155209
11155209,41.869566,-87.648802,1302179366.0,11155167,11155248
11155248,41.869559,-87.649068,1302179368.0,11155209,11155291
11155291,41.869547,-87.649352,1302179370.0,11155248,11155336
11155336,41.869538,-87.649639,1302179372.0,11155291,11155385
11155385,41.869527,-87.64992,1302179374.0,11155336,11155436
11155436,41.869517,-87.650185,1302179376.0,11155385,11155481
11155481,41.869503,-87.650443,1302179378.0,11155436,11155525
11155525,41.86949,-87.650701,1302179380.0,11155481,11155570
11155570,41.869479,-87.650964,1302179382.0,11155525,11155619
11155619,41.869471,-87.651236,1302179384.0,11155570,11155669
11155669,41.869459,-87.651505,1302179386.0,11155619,11155721
11155721,41.869449,-87.651765,1302179388.0,11155669,11155767
11155767,41.869445,-87.652024,1302179390.0,11155721,11155813
11155813,41.869443,-87.652286,1302179392.0,11155767,11155861
11155861,41.869435,-87.652557,1302179394.0,11155813,11155910
11155910,41.869426,-87.652832,1302179396.0,11155861,11155915
11155915,41.869412,-87.65311,1302179398.0,11155910,11155923
11155923,41.869396,-87.65338,1302179400.0,11155915,11155933
11155933,41.869385,-87.653649,1302179402.0,11155923,11155945
11155945,41.869389,-87.653891,1302179404.0,11155933,11155972
11155972,41.869375,-87.654139,1302179408.0,11155945,11156101
11156101,41.869403,-87.654441,1302179422.0,11155972,11156134
11156134,41.869403,-87.654778,1302179425.0,11156101,11156157
11156157,41.869398,-87.65504,1302179427.0,11156134,11156181
11156181,41.869389,-87.655292,1302179429.0,11156157,11156217
11156217,41.869385,-87.655637,1302179432.0,11156181,11156256
11156256,41.869392,-87.655902,1302179435.0,11156217,11156481
11156481,41.869393,-87.656147,1302179451.0,11156256,11156560
11156560,41.869399,-87.656431,1302179456.0,11156481,11156625
11156625,41.869382,-87.65675,1302179460.0,11156560,11156676
11156676,41.869414,-87.657028,1302179463.0,11156625,11156726
11156726,41.869436,-87.657309,1302179466.0,11156676,11156779
11156779,41.869449,-87.657607,1302179469.0,11156726,11156831
11156831,41.869449,-87.657899,1302179472.0,11156779,11156885
11156885,41.869448,-87.658234,1302179475.0,11156831,11156914
11156914,41.869441,-87.658496,1302179477.0,11156885,11156952
11156952,41.869427,-87.658786,1302179479.0,11156914,11156989
11156989,41.869416,-87.659085,1302179481.0,11156952,11157025
11157025,41.869408,-87.659391,1302179483.0,11156989,11157064
11157064,41.869404,-87.659691,1302179485.0,11157025,11157105
11157105,41.869397,-87.659992,1302179487.0,11157064,11157144
11157144,41.869392,-87.660296,1302179489.0,11157105,11157180
11157180,41.869388,-87.660607,1302179491.0,11157144,11157219
11157219,41.869386,-87.660909,1302179493.0,11157180,11157260
11157260,41.869387,-87.661197,1302179495.0,11157219,11157300
11157300,41.869388,-87.661468,1302179497.0,11157260,11157342
11157342,41.86939,-87.661718,1302179499.0,11157300,11157363
11157363,41.869395,-87.661962,1302179501.0,11157342,11157406
11157406,41.869392,-87.662214,1302179503.0,11157363,11157450
11157450,41.869385,-87.662466,1302179505.0,11157406,11157507
11157507,41.869382,-87.66282,1302179508.0,11157450,11157571
11157571,41.869371,-87.663165,1302179511.0,11157507,11157641
11157641,41.869365,-87.663442,1302179514.0,11157571,11157745
11157745,41.869362,-87.663706,1302179519.0,11157641,11157924
11157924,41.869378,-87.663977,1302179527.0,11157745,11158013
11158013,41.869447,-87.664235,1302179531.0,11157924,11158105
11158105,41.869545,-87.664517,1302179535.0,11158013,11158138
11158138,41.869601,-87.664775,1302179538.0,11158105,11158199
11158199,41.869603,-87.665056,1302179541.0,11158138,11158339
11158339,41.869559,-87.665306,1302179548.0,11158199,11158621
11158621,41.869517,-87.665547,1302179560.0,11158339,11159194
11159194,41.869391,-87.665726,1302179583.0,11158621,11159372
11159372,41.869435,-87.666006,1302179590.0,11159194,11159499
11159499,41.869457,-87.66631,1302179595.0,11159372,11159583
11159583,41.86947,-87.666569,1302179598.0,11159499,11159669
11159669,41.869471,-87.666897,1302179601.0,11159583,11159752
11159752,41.869467,-87.667255,1302179604.0,11159669,11159805
11159805,41.869465,-87.667498,1302179606.0,11159752,11159885
11159885,41.869463,-87.667854,1302179609.0,11159805,11159941
11159941,41.869451,-87.66811,1302179611.0,11159885,11160025
11160025,41.869431,-87.668411,1302179614.0,11159941,11160197
11160197,41.869425,-87.668663,1302179620.0,11160025,11160455
11160455,41.869416,-87.668959,1302179629.0,11160197,11160532
11160532,41.869415,-87.669228,1302179632.0,11160455,11160618
11160618,41.869416,-87.66958,1302179635.0,11160532,11160709
11160709,41.869436,-87.669856,1302179638.0,11160618,None
