57156660,41.871461,-87.673236,1302299307.0,None,57157010
57157010,41.871506,-87.672974,1302299319.0,57156660,57157099
57157099,41.871537,-87.67271,1302299322.0,57157010,57157187
57157187,41.871568,-87.672442,1302299325.0,57157099,57157274
57157274,41.871594,-87.672185,1302299328.0,57157187,57157381
57157381,41.871602,-87.671888,1302299332.0,57157274,57157670
57157670,41.871555,-87.67164,1302299341.0,57157381,57157745
57157745,41.87158,-87.671395,1302299348.0,57157670,57157767
57157767,41.871613,-87.671099,1302299352.0,57157745,57157787
57157787,41.871617,-87.670782,1302299355.0,57157767,57157810
57157810,41.871608,-87.670529,1302299358.0,57157787,57157853
57157853,41.871612,-87.670276,1302299363.0,57157810,57158015
57158015,41.871624,-87.670003,1302299378.0,57157853,57158078
57158078,41.871633,-87.669708,1302299383.0,57158015,57158131
57158131,41.871622,-87.669421,1302299387.0,57158078,57158201
57158201,41.871492,-87.669199,1302299392.0,57158131,57158260
57158260,41.871242,-87.669164,1302299396.0,57158201,57158300
57158300,41.870964,-87.669137,1302299399.0,57158260,57158333
57158333,41.870748,-87.669107,1302299401.0,57158300,57158364
57158364,41.870516,-87.669073,1302299403.0,57158333,57158393
57158393,41.870292,-87.669053,1302299405.0,57158364,57158427
57158427,41.870077,-87.669048,1302299407.0,57158393,57158462
57158462,41.869863,-87.66905,1302299409.0,57158427,57158495
57158495,41.869683,-87.66904,1302299411.0,57158462,57158541
57158541,41.869477,-87.669014,1302299414.0,57158495,57158633
57158633,41.869296,-87.668986,1302299419.0,57158541,57158739
57158739,41.869072,-87.66893,1302299425.0,57158633,57158792
57158792,41.868807,-87.668896,1302299428.0,57158739,57158831
57158831,41.868585,-87.668887,1302299430.0,57158792,57158869
57158869,41.86835,-87.668881,1302299432.0,57158831,57158908
57158908,41.868105,-87.668878,1302299434.0,57158869,57158945
57158945,41.867861,-87.668872,1302299436.0,57158908,57158983
57158983,41.867629,-87.668865,1302299438.0,57158945,57159025
57159025,41.86741,-87.668855,1302299440.0,57158983,57159067
57159067,41.867206,-87.668847,1302299442.0,57159025,57159126
57159126,41.86697,-87.668836,1302299445.0,57159067,57159208
57159208,41.866783,-87.668736,1302299449.0,57159126,57159291
57159291,41.866776,-87.668439,1302299453.0,57159208,57159356
57159356,41.866787,-87.668149,1302299456.0,57159291,57159419
57159419,41.866789,-87.667904,1302299459.0,57159356,57159797
57159797,41.866777,-87.667662,1302299478.0,57159419,57160035
57160035,41.866785,-87.667384,1302299490.0,57159797,57160101
57160101,41.866787,-87.667093,1302299493.0,57160035,57160170
57160170,41.866789,-87.666755,1302299496.0,57160101,57160242
57160242,41.866789,-87.666403,1302299499.0,57160170,57160288
57160288,41.866793,-87.66616,1302299501.0,57160242,57160337
57160337,41.866797,-87.665911,1302299503.0,57160288,57160381
57160381,41.866804,-87.665653,1302299505.0,57160337,57160428
57160428,41.866811,-87.665385,1302299507.0,57160381,57160467
57160467,41.866817,-87.665106,1302299509.0,57160428,57160472
57160472,41.866823,-87.664817,1302299511.0,57160467,57160480
57160480,41.866829,-87.664527,1302299513.0,57160472,57160490
57160490,41.866833,-87.664254,1302299515.0,57160480,57160502
57160502,41.866836,-87.663997,1302299517.0,57160490,57160522
57160522,41.866843,-87.663652,1302299520.0,57160502,57160545
57160545,41.866852,-87.663332,1302299523.0,57160522,57160579
57160579,41.866858,-87.663034,1302299527.0,57160545,57160774
57160774,41.866856,-87.662786,1302299545.0,57160579,57160826
57160826,41.866863,-87.662544,1302299549.0,57160774,57160866
57160866,41.866869,-87.662234,1302299552.0,57160826,57160894
57160894,41.866867,-87.661982,1302299554.0,57160866,57160921
57160921,41.866868,-87.661715,1302299556.0,57160894,57160943
57160943,41.866871,-87.661438,1302299558.0,57160921,57160975
57160975,41.866876,-87.661142,1302299560.0,57160943,57160999
57160999,41.866882,-87.66084,1302299562.0,57160975,57161026
57161026,41.866887,-87.660546,1302299564.0,57160999,57161059
57161059,41.866893,-87.660249,1302299566.0,57161026,57161093
57161093,41.866896,-87.659957,1302299568.0,57161059,57161122
57161122,41.866901,-87.659673,1302299570.0,57161093,57161152
57161152,41.866906,-87.659383,1302299572.0,57161122,57161185
57161185,41.866912,-87.659073,1302299574.0,57161152,57161220
57161220,41.86692,-87.658736,1302299576.0,57161185,57161253
57161253,41.866928,-87.658378,1302299578.0,57161220,57161286
57161286,41.866934,-87.658028,1302299580.0,57161253,57161320
57161320,41.866936,-87.65769,1302299582.0,57161286,57161357
57161357,41.86694,-87.657367,1302299584.0,57161320,57161392
57161392,41.866945,-87.657056,1302299586.0,57161357,57161428
57161428,41.86695,-87.656757,1302299588.0,57161392,57161463
57161463,41.866956,-87.656453,1302299590.0,57161428,57161501
57161501,41.866963,-87.656131,1302299592.0,57161463,57161538
57161538,41.866968,-87.6558,1302299594.0,57161501,57161575
57161575,41.866971,-87.655474,1302299596.0,57161538,57161614
57161614,41.866976,-87.655153,1302299598.0,57161575,57161654
57161654,41.86698,-87.654836,1302299600.0,57161614,57161693
57161693,41.866986,-87.654529,1302299602.0,57161654,57161731
57161731,41.866993,-87.654237,1302299604.0,57161693,57161769
57161769,41.866998,-87.653932,1302299606.0,57161731,57161810
57161810,41.867003,-87.653615,1302299608.0,57161769,57161853
57161853,41.867008,-87.653308,1302299610.0,57161810,57161893
57161893,41.867011,-87.653011,1302299612.0,57161853,57161933
57161933,41.867014,-87.65273,1302299614.0,57161893,57161974
57161974,41.867016,-87.652483,1302299616.0,57161933,57162036
57162036,41.867018,-87.65222,1302299619.0,57161974,57162145
57162145,41.867024,-87.651971,1302299624.0,57162036,57162662
57162662,41.867042,-87.651707,1302299651.0,57162145,57162727
57162727,41.867071,-87.651461,1302299654.0,57162662,57162821
57162821,41.867086,-87.651141,1302299659.0,57162727,57163345
57163345,41.867247,-87.651,1302299681.0,57162821,57163418
57163418,41.867479,-87.650988,1302299684.0,57163345,57163470
57163470,41.867684,-87.650992,1302299686.0,57163418,57163517
57163517,41.867917,-87.650998,1302299688.0,57163470,57163566
57163566,41.868171,-87.651008,1302299690.0,57163517,57163618
57163618,41.868428,-87.651018,1302299692.0,57163566,57163673
57163673,41.868673,-87.651029,1302299694.0,57163618,57163726
57163726,41.868896,-87.651042,1302299696.0,57163673,57163751
57163751,41.869083,-87.651063,1302299698.0,57163726,57163833
57163833,41.869295,-87.651121,1302299701.0,57163751,57164199
57164199,41.869486,-87.651151,1302299715.0,57163833,57164477
57164477,41.869523,-87.650893,1302299725.0,57164199,57164562
57164562,41.869512,-87.650639,1302299728.0,57164477,57164613
57164613,41.869506,-87.650393,1302299730.0,57164562,None
