38640852,41.867677,-87.647062,1303586973.0,None,38641118
38641118,41.867447,-87.647033,1303586980.0,38640852,38641273
38641273,41.867242,-87.647132,1303586984.0,38641118,38641381
38641381,41.867214,-87.647388,1303586987.0,38641273,38641479
38641479,41.867212,-87.647703,1303586990.0,38641381,38641586
38641586,41.86721,-87.648055,1303586993.0,38641479,38641684
38641684,41.867205,-87.648395,1303586996.0,38641586,38641793
38641793,41.867198,-87.648746,1303586999.0,38641684,38641864
38641864,41.867194,-87.648991,1303587001.0,38641793,38641935
38641935,41.867191,-87.649238,1303587003.0,38641864,38641977
38641977,41.867189,-87.649487,1303587005.0,38641935,38642014
38642014,41.867186,-87.649737,1303587007.0,38641977,38642095
38642095,41.867185,-87.650092,1303587010.0,38642014,38642180
38642180,41.867181,-87.650417,1303587013.0,38642095,38642263
38642263,41.867174,-87.650714,1303587016.0,38642180,38642377
38642377,41.867212,-87.650998,1303587020.0,38642263,38642510
38642510,41.867428,-87.651023,1303587024.0,38642377,38642620
38642620,41.867634,-87.651019,1303587027.0,38642510,38642732
38642732,41.867872,-87.651023,1303587030.0,38642620,38642824
38642824,41.86813,-87.651032,1303587033.0,38642732,38642931
38642931,41.868397,-87.651041,1303587036.0,38642824,38643043
38643043,41.868663,-87.65105,1303587039.0,38642931,38643151
38643151,41.868919,-87.651053,1303587042.0,38643043,38643258
38643258,41.86916,-87.651071,1303587045.0,38643151,38643367
38643367,41.86936,-87.651104,1303587048.0,38643258,38643504
38643504,41.869521,-87.651269,1303587052.0,38643367,38643597
38643597,41.869543,-87.651522,1303587055.0,38643504,38643606
38643606,41.869526,-87.651825,1303587058.0,38643597,38643620
38643620,41.869517,-87.652165,1303587061.0,38643606,38643638
38643638,41.869513,-87.652515,1303587064.0,38643620,38643659
38643659,41.869507,-87.652863,1303587067.0,38643638,38643683
38643683,41.869502,-87.65321,1303587070.0,38643659,38643709
38643709,41.869491,-87.653543,1303587073.0,38643683,38643737
38643737,41.869478,-87.653847,1303587076.0,38643709,38643777
38643777,41.86946,-87.654102,1303587080.0,38643737,38643844
38643844,41.869454,-87.654411,1303587086.0,38643777,38643869
38643869,41.869446,-87.654685,1303587089.0,38643844,38643907
38643907,41.869434,-87.655006,1303587092.0,38643869,38643945
38643945,41.869434,-87.655348,1303587095.0,38643907,38643986
38643986,41.869427,-87.655687,1303587098.0,38643945,38644026
38644026,41.869417,-87.656025,1303587101.0,38643986,38644071
38644071,41.869415,-87.656351,1303587104.0,38644026,38644108
38644108,41.869415,-87.656688,1303587107.0,38644071,38644156
38644156,41.869406,-87.657037,1303587110.0,38644108,38644201
38644201,41.869393,-87.657384,1303587113.0,38644156,38644249
38644249,41.869383,-87.657704,1303587116.0,38644201,38644300
38644300,41.869378,-87.658013,1303587119.0,38644249,38644347
38644347,41.869385,-87.658347,1303587122.0,38644300,38644400
38644400,41.86939,-87.658683,1303587125.0,38644347,38644452
38644452,41.869385,-87.659035,1303587128.0,38644400,38644502
38644502,41.869379,-87.659503,1303587132.0,38644452,38644562
38644562,41.869373,-87.659859,1303587135.0,38644502,38644617
38644617,41.86937,-87.660219,1303587138.0,38644562,38644667
38644667,41.869365,-87.660578,1303587141.0,38644617,38644729
38644729,41.869361,-87.660916,1303587144.0,38644667,38644788
38644788,41.869364,-87.661249,1303587147.0,38644729,38644843
38644843,41.869359,-87.661589,1303587150.0,38644788,38644906
38644906,41.869354,-87.661933,1303587153.0,38644843,38644968
38644968,41.869345,-87.66229,1303587156.0,38644906,38645027
38645027,41.869329,-87.662644,1303587159.0,38644968,38645090
38645090,41.869325,-87.662988,1303587162.0,38645027,38645156
38645156,41.869329,-87.663311,1303587165.0,38645090,38645165
38645165,41.869329,-87.663604,1303587168.0,38645156,38645179
38645179,41.869316,-87.663849,1303587171.0,38645165,38645226
38645226,41.869311,-87.664127,1303587178.0,38645179,38645259
38645259,41.869303,-87.664437,1303587182.0,38645226,38645286
38645286,41.869296,-87.664717,1303587185.0,38645259,38645316
38645316,41.869289,-87.664988,1303587188.0,38645286,38645347
38645347,41.869273,-87.665233,1303587191.0,38645316,38645380
38645380,41.869285,-87.66548,1303587194.0,38645347,38645427
38645427,41.869292,-87.665772,1303587198.0,38645380,38645760
38645760,41.869297,-87.666019,1303587222.0,38645427,38645824
38645824,41.8693,-87.666306,1303587226.0,38645760,38645871
38645871,41.869296,-87.666596,1303587229.0,38645824,38645922
38645922,41.869284,-87.66692,1303587232.0,38645871,38645971
38645971,41.869271,-87.667267,1303587235.0,38645922,38646024
38646024,41.869263,-87.667629,1303587238.0,38645971,38646078
38646078,41.869252,-87.667986,1303587241.0,38646024,38646131
38646131,41.869241,-87.668314,1303587244.0,38646078,38646186
38646186,41.869255,-87.668581,1303587247.0,38646131,38646436
38646436,41.869262,-87.668837,1303587260.0,38646186,38646516
38646516,41.869252,-87.669086,1303587264.0,38646436,38646574
38646574,41.869234,-87.669358,1303587267.0,38646516,38646636
38646636,41.869209,-87.669662,1303587270.0,38646574,38646698
38646698,41.869193,-87.669992,1303587273.0,38646636,38646753
38646753,41.869182,-87.670338,1303587276.0,38646698,38646817
38646817,41.869184,-87.670663,1303587279.0,38646753,38646888
38646888,41.869183,-87.670953,1303587282.0,38646817,38646968
38646968,41.869192,-87.671198,1303587286.0,38646888,38647134
38647134,41.869186,-87.671474,1303587294.0,38646968,38647215
38647215,41.869194,-87.67174,1303587298.0,38647134,38647272
38647272,41.869184,-87.672046,1303587301.0,38647215,38647311
38647311,41.869179,-87.672399,1303587304.0,38647272,38647381
38647381,41.86917,-87.672739,1303587307.0,38647311,38647437
38647437,41.869159,-87.673061,1303587310.0,38647381,38647496
38647496,41.869118,-87.673328,1303587313.0,38647437,38647635
38647635,41.869122,-87.673592,1303587319.0,38647496,38647739
38647739,41.869129,-87.673891,1303587324.0,38647635,38647809
38647809,41.869131,-87.674147,1303587327.0,38647739,38647880
38647880,41.869134,-87.674421,1303587330.0,38647809,38647943
38647943,41.869134,-87.674701,1303587333.0,38647880,38648016
38648016,41.869133,-87.674963,1303587336.0,38647943,38648090
38648090,41.869129,-87.675207,1303587339.0,38648016,38648182
38648182,41.869123,-87.675508,1303587343.0,38648090,38648564
38648564,41.869136,-87.675791,1303587359.0,38648182,38648678
38648678,41.869135,-87.676076,1303587363.0,38648564,38648757
38648757,41.86913,-87.676354,1303587366.0,38648678,38648826
38648826,41.869116,-87.676666,1303587369.0,38648757,38648898
38648898,41.869105,-87.677001,1303587372.0,38648826,38648975
38648975,41.869099,-87.677355,1303587375.0,38648898,38649028
38649028,41.869098,-87.6776,1303587377.0,38648975,38649084
38649084,41.869095,-87.67785,1303587379.0,38649028,38649135
38649135,41.869091,-87.6781,1303587381.0,38649084,38649187
38649187,41.869087,-87.678348,1303587383.0,38649135,38649242
38649242,41.869085,-87.678597,1303587385.0,38649187,38649286
38649286,41.86907,-87.678842,1303587387.0,38649242,38649364
38649364,41.869064,-87.679199,1303587390.0,38649286,38649449
38649449,41.86906,-87.679528,1303587393.0,38649364,38649532
38649532,41.869062,-87.679842,1303587396.0,38649449,38649614
38649614,41.869067,-87.680134,1303587399.0,38649532,38649720
38649720,41.869071,-87.680407,1303587403.0,38649614,38650056
38650056,41.869075,-87.680667,1303587415.0,38649720,38650142
38650142,41.86908,-87.680917,1303587418.0,38650056,38650200
38650200,41.869075,-87.681228,1303587421.0,38650142,38650287
38650287,41.869057,-87.681578,1303587424.0,38650200,38650344
38650344,41.869049,-87.681823,1303587426.0,38650287,38650435
38650435,41.86904,-87.682182,1303587429.0,38650344,38650521
38650521,41.869036,-87.682517,1303587432.0,38650435,38650609
38650609,41.869035,-87.682825,1303587435.0,38650521,38650707
38650707,41.869048,-87.683098,1303587438.0,38650609,38651041
38651041,41.869059,-87.683347,1303587450.0,38650707,38651303
38651303,41.869036,-87.683637,1303587458.0,38651041,38651423
38651423,41.86902,-87.683941,1303587462.0,38651303,38651506
38651506,41.869015,-87.684223,1303587465.0,38651423,38651599
38651599,41.869012,-87.684489,1303587468.0,38651506,38651770
38651770,41.869005,-87.684759,1303587473.0,38651599,38651931
38651931,41.869012,-87.68501,1303587478.0,38651770,38652051
38652051,41.869014,-87.685314,1303587482.0,38651931,38652181
38652181,41.869016,-87.685589,1303587486.0,38652051,38652414
38652414,41.869017,-87.68584,1303587493.0,38652181,38653331
38653331,41.869122,-87.686052,1303587521.0,38652414,None
