57893435,41.869558,-87.647519,1302556706.0,None,57893939
57893939,41.869561,-87.647268,1302556722.0,57893435,57894080
57894080,41.86942,-87.647087,1302556726.0,57893939,57894181
57894181,41.869203,-87.647082,1302556729.0,57894080,57894249
57894249,41.869019,-87.647084,1302556731.0,57894181,57894318
57894318,41.868809,-87.647076,1302556733.0,57894249,57894385
57894385,41.868575,-87.647059,1302556735.0,57894318,57894452
57894452,41.868337,-87.647042,1302556737.0,57894385,57894521
57894521,41.868109,-87.647051,1302556739.0,57894452,57894593
57894593,41.86789,-87.647075,1302556741.0,57894521,57894666
57894666,41.867694,-87.647083,1302556743.0,57894593,57894770
57894770,41.867476,-87.647088,1302556746.0,57894666,57895204
57895204,41.867278,-87.647092,1302556759.0,57894770,57895335
57895335,41.867203,-87.647331,1302556763.0,57895204,57895438
57895438,41.867213,-87.647642,1302556766.0,57895335,57895508
57895508,41.86721,-87.647885,1302556768.0,57895438,57895583
57895583,41.867206,-87.648143,1302556770.0,57895508,57895654
57895654,41.867201,-87.648408,1302556772.0,57895583,57895722
57895722,41.867196,-87.648687,1302556774.0,57895654,57895781
57895781,41.867194,-87.648961,1302556776.0,57895722,57895846
57895846,41.867192,-87.649234,1302556778.0,57895781,57895919
57895919,41.867186,-87.649508,1302556780.0,57895846,57895985
57895985,41.867183,-87.649776,1302556782.0,57895919,57896059
57896059,41.867181,-87.650031,1302556784.0,57895985,57896131
57896131,41.867176,-87.650283,1302556786.0,57896059,57896204
57896204,41.867171,-87.650537,1302556788.0,57896131,57896271
57896271,41.867167,-87.650798,1302556790.0,57896204,57896346
57896346,41.867162,-87.651069,1302556792.0,57896271,57896416
57896416,41.867154,-87.651355,1302556794.0,57896346,57896483
57896483,41.86715,-87.651645,1302556796.0,57896416,57896555
57896555,41.867146,-87.651926,1302556798.0,57896483,57896621
57896621,41.867141,-87.652175,1302556800.0,57896555,57896724
57896724,41.867135,-87.652495,1302556803.0,57896621,57896823
57896823,41.86713,-87.652747,1302556806.0,57896724,57897145
57897145,41.867133,-87.653006,1302556815.0,57896823,57897277
57897277,41.867143,-87.653261,1302556819.0,57897145,57897373
57897373,41.867152,-87.653585,1302556822.0,57897277,57897438
57897438,41.867147,-87.653862,1302556824.0,57897373,57897506
57897506,41.867146,-87.654176,1302556826.0,57897438,57897578
57897578,41.867144,-87.654489,1302556828.0,57897506,57897654
57897654,41.86714,-87.654798,1302556830.0,57897578,57897727
57897727,41.867129,-87.655104,1302556832.0,57897654,57897796
57897796,41.867117,-87.655393,1302556834.0,57897727,57897873
57897873,41.867107,-87.655655,1302556836.0,57897796,57897969
57897969,41.8671,-87.655962,1302556839.0,57897873,57898099
57898099,41.867085,-87.656235,1302556843.0,57897969,57898407
57898407,41.867067,-87.656518,1302556852.0,57898099,57898549
57898549,41.867066,-87.656863,1302556856.0,57898407,57898591
57898591,41.867068,-87.657105,1302556858.0,57898549,57898662
57898662,41.867065,-87.657394,1302556860.0,57898591,57898736
57898736,41.867065,-87.657711,1302556862.0,57898662,57898804
57898804,41.867065,-87.658049,1302556864.0,57898736,57898872
57898872,41.86706,-87.65841,1302556866.0,57898804,57898937
57898937,41.867058,-87.658782,1302556868.0,57898872,57899002
57899002,41.867053,-87.659155,1302556870.0,57898937,57899072
57899072,41.867048,-87.659529,1302556872.0,57899002,57899129
57899129,41.86704,-87.65991,1302556874.0,57899072,57899200
57899200,41.867032,-87.660292,1302556876.0,57899129,57899273
57899273,41.867024,-87.660666,1302556878.0,57899200,57899278
57899278,41.86702,-87.661039,1302556880.0,57899273,57899286
57899286,41.867013,-87.661412,1302556882.0,57899278,57899296
57899296,41.867006,-87.661785,1302556884.0,57899286,57899308
57899308,41.867,-87.66216,1302556886.0,57899296,57899321
57899321,41.866996,-87.662536,1302556888.0,57899308,57899335
57899335,41.86699,-87.662908,1302556890.0,57899321,57899351
57899351,41.866984,-87.663279,1302556892.0,57899335,57899367
57899367,41.866975,-87.663656,1302556894.0,57899351,57899385
57899385,41.866966,-87.664039,1302556896.0,57899367,57899403
57899403,41.86696,-87.664429,1302556898.0,57899385,57899423
57899423,41.866956,-87.664827,1302556900.0,57899403,57899443
57899443,41.866948,-87.665228,1302556902.0,57899423,57899464
57899464,41.866938,-87.665616,1302556904.0,57899443,57899486
57899486,41.866934,-87.665991,1302556906.0,57899464,57899508
57899508,41.866933,-87.666356,1302556908.0,57899486,57899532
57899532,41.86693,-87.666702,1302556910.0,57899508,57899556
57899556,41.86693,-87.667047,1302556912.0,57899532,57899580
57899580,41.866929,-87.667391,1302556914.0,57899556,57899606
57899606,41.866933,-87.667726,1302556916.0,57899580,57899632
57899632,41.866938,-87.668028,1302556918.0,57899606,57899658
57899658,41.866942,-87.668292,1302556920.0,57899632,57899700
57899700,41.866936,-87.668562,1302556923.0,57899658,57899973
57899973,41.866947,-87.668819,1302556941.0,57899700,57900091
57900091,41.867178,-87.668946,1302556949.0,57899973,57900146
57900146,41.867404,-87.668928,1302556952.0,57900091,57900183
57900183,41.867595,-87.66893,1302556954.0,57900146,57900217
57900217,41.867813,-87.66894,1302556956.0,57900183,57900252
57900252,41.868032,-87.668943,1302556958.0,57900217,57900290
57900290,41.868248,-87.668952,1302556960.0,57900252,57900330
57900330,41.868443,-87.668952,1302556962.0,57900290,57900367
57900367,41.868631,-87.668967,1302556964.0,57900330,57900422
57900422,41.868875,-87.668982,1302556967.0,57900367,57900501
57900501,41.869086,-87.668991,1302556971.0,57900422,57900653
57900653,41.86925,-87.669154,1302556979.0,57900501,57900739
57900739,41.869229,-87.669477,1302556983.0,57900653,57900793
57900793,41.869228,-87.66976,1302556986.0,57900739,57900835
57900835,41.86922,-87.670033,1302556989.0,57900793,57900885
57900885,41.869225,-87.670306,1302556993.0,57900835,57900957
57900957,41.869237,-87.670584,1302556997.0,57900885,57901048
57901048,41.869304,-87.670832,1302557002.0,57900957,57901264
57901264,41.869371,-87.671057,1302557012.0,57901048,57901375
57901375,41.869394,-87.67138,1302557017.0,57901264,57901438
57901438,41.869411,-87.671678,1302557020.0,57901375,57901485
57901485,41.869413,-87.671947,1302557022.0,57901438,57901538
57901538,41.869398,-87.672255,1302557024.0,57901485,57901588
57901588,41.869379,-87.672552,1302557026.0,57901538,57901652
57901652,41.869351,-87.672877,1302557029.0,57901588,57901744
57901744,41.86933,-87.673151,1302557033.0,57901652,57901838
57901838,41.869297,-87.673389,1302557037.0,57901744,57901933
57901933,41.869419,-87.673571,1302557043.0,57901838,57902001
57902001,41.869632,-87.673588,1302557046.0,57901933,57902081
57902081,41.869856,-87.673593,1302557049.0,57902001,57902160
57902160,41.870103,-87.673592,1302557052.0,57902081,57902209
57902209,41.870298,-87.673605,1302557054.0,57902160,57902256
57902256,41.870492,-87.673621,1302557056.0,57902209,57902302
57902302,41.87068,-87.673628,1302557058.0,57902256,57902379
57902379,41.870909,-87.673656,1302557061.0,57902302,57902435
57902435,41.871165,-87.673646,1302557065.0,57902379,57902555
57902555,41.871388,-87.67376,1302557073.0,57902435,57902717
57902717,41.871492,-87.673532,1302557079.0,57902555,None
