34658654,41.86756,-87.647059,1302451197.0,None,34658963
34658963,41.867377,-87.647037,1302451206.0,34658654,34659389
34659389,41.867185,-87.647134,1302451218.0,34658963,34659521
34659521,41.86717,-87.647413,1302451222.0,34659389,34659629
34659629,41.867174,-87.647686,1302451225.0,34659521,34659738
34659738,41.867181,-87.648,1302451228.0,34659629,34659849
34659849,41.867184,-87.648343,1302451231.0,34659738,34659956
34659956,41.867175,-87.648687,1302451234.0,34659849,34660066
34660066,41.867172,-87.649018,1302451237.0,34659956,34660173
34660173,41.86717,-87.649351,1302451240.0,34660066,34660277
34660277,41.867168,-87.649708,1302451243.0,34660173,34660346
34660346,41.867165,-87.649956,1302451245.0,34660277,34660413
34660413,41.86716,-87.650201,1302451247.0,34660346,34660525
34660525,41.867159,-87.650554,1302451250.0,34660413,34660634
34660634,41.867161,-87.650847,1302451253.0,34660525,34660821
34660821,41.867323,-87.651031,1302451258.0,34660634,34660968
34660968,41.867551,-87.651022,1302451262.0,34660821,34661068
34661068,41.867765,-87.651031,1302451265.0,34660968,34661177
34661177,41.868007,-87.651043,1302451268.0,34661068,34661286
34661286,41.86827,-87.651056,1302451271.0,34661177,34661401
34661401,41.868529,-87.651069,1302451274.0,34661286,34661512
34661512,41.868793,-87.651079,1302451277.0,34661401,34661628
34661628,41.869038,-87.651095,1302451280.0,34661512,34661743
34661743,41.86926,-87.65114,1302451283.0,34661628,34661854
34661854,41.869442,-87.651198,1302451286.0,34661743,34662001
34662001,41.869528,-87.651442,1302451290.0,34661854,34662097
34662097,41.869513,-87.651702,1302451293.0,34662001,34662205
34662205,41.869498,-87.652005,1302451296.0,34662097,34662313
34662313,41.869489,-87.652335,1302451299.0,34662205,34662392
34662392,41.869484,-87.652678,1302451302.0,34662313,34662477
34662477,41.869478,-87.653012,1302451305.0,34662392,34662567
34662567,41.869468,-87.653345,1302451308.0,34662477,34662671
34662671,41.86946,-87.653663,1302451311.0,34662567,34662764
34662764,41.869452,-87.653936,1302451314.0,34662671,34663004
34663004,41.869444,-87.654204,1302451321.0,34662764,34663142
34663142,41.86943,-87.65447,1302451325.0,34663004,34663248
34663248,41.869424,-87.654753,1302451328.0,34663142,34663354
34663354,41.869423,-87.655069,1302451331.0,34663248,34663459
34663459,41.869421,-87.655395,1302451334.0,34663354,34663559
34663559,41.869418,-87.655724,1302451337.0,34663459,34663667
34663667,41.869414,-87.656046,1302451340.0,34663559,34663768
34663768,41.869411,-87.65634,1302451343.0,34663667,34663870
34663870,41.869413,-87.656646,1302451346.0,34663768,34663975
34663975,41.869406,-87.656969,1302451349.0,34663870,34664087
34664087,41.869387,-87.657306,1302451352.0,34663975,34664200
34664200,41.869376,-87.65766,1302451355.0,34664087,34664277
34664277,41.869374,-87.657902,1302451357.0,34664200,34664344
34664344,41.869376,-87.658149,1302451359.0,34664277,34664411
34664411,41.86938,-87.658398,1302451361.0,34664344,34664479
34664479,41.869381,-87.658649,1302451363.0,34664411,34664528
34664528,41.869378,-87.6589,1302451365.0,34664479,34664595
34664595,41.869374,-87.659142,1302451367.0,34664528,34664697
34664697,41.869368,-87.659493,1302451370.0,34664595,34664801
34664801,41.869361,-87.65985,1302451373.0,34664697,34664915
34664915,41.869351,-87.6602,1302451376.0,34664801,34665023
34665023,41.869351,-87.660531,1302451379.0,34664915,34665114
34665114,41.869352,-87.660839,1302451382.0,34665023,34665205
34665205,41.869348,-87.661114,1302451385.0,34665114,34665625
34665625,41.869351,-87.661362,1302451397.0,34665205,34665791
34665791,41.869346,-87.66163,1302451402.0,34665625,34665926
34665926,41.869335,-87.661953,1302451406.0,34665791,34666037
34666037,41.869324,-87.662209,1302451409.0,34665926,34666177
34666177,41.869319,-87.662521,1302451413.0,34666037,34666314
34666314,41.869314,-87.662825,1302451417.0,34666177,34666418
34666418,41.869314,-87.66307,1302451420.0,34666314,34666520
34666520,41.869312,-87.663317,1302451423.0,34666418,34666663
34666663,41.869308,-87.663622,1302451427.0,34666520,34666809
34666809,41.869308,-87.663864,1302451431.0,34666663,34667052
34667052,41.869305,-87.664118,1302451438.0,34666809,34667184
34667184,41.869298,-87.664425,1302451442.0,34667052,34667288
34667288,41.869289,-87.664725,1302451445.0,34667184,34667397
34667397,41.869283,-87.665061,1302451448.0,34667288,34667501
34667501,41.869278,-87.66538,1302451451.0,34667397,34667610
34667610,41.869277,-87.665678,1302451454.0,34667501,34667704
34667704,41.86928,-87.665948,1302451457.0,34667610,34667840
34667840,41.869283,-87.666263,1302451461.0,34667704,34667948
34667948,41.869278,-87.666546,1302451464.0,34667840,34668062
34668062,41.869274,-87.66687,1302451467.0,34667948,34668169
34668169,41.869261,-87.667218,1302451470.0,34668062,34668277
34668277,41.869253,-87.667577,1302451473.0,34668169,34668346
34668346,41.869249,-87.667823,1302451475.0,34668277,34668402
34668402,41.869248,-87.668071,1302451477.0,34668346,34668506
34668506,41.869249,-87.668421,1302451480.0,34668402,34668615
34668615,41.869247,-87.668692,1302451483.0,34668506,34668866
34668866,41.869246,-87.668955,1302451490.0,34668615,34669007
34669007,41.869246,-87.669237,1302451494.0,34668866,34669111
34669111,41.869242,-87.669512,1302451497.0,34669007,34669215
34669215,41.869234,-87.66981,1302451500.0,34669111,34669326
34669326,41.869236,-87.670136,1302451503.0,34669215,34669430
34669430,41.869235,-87.670461,1302451506.0,34669326,34669536
34669536,41.869234,-87.670778,1302451509.0,34669430,34669635
34669635,41.869231,-87.671058,1302451512.0,34669536,34669848
34669848,41.869226,-87.67131,1302451518.0,34669635,34670065
34670065,41.869232,-87.67162,1302451524.0,34669848,34670170
34670170,41.869247,-87.671997,1302451528.0,34670065,34670276
34670276,41.869241,-87.672343,1302451531.0,34670170,34670382
34670382,41.869241,-87.672701,1302451534.0,34670276,34670424
34670424,41.869237,-87.67304,1302451537.0,34670382,34670437
34670437,41.869247,-87.673331,1302451540.0,34670424,34670522
34670522,41.869236,-87.67358,1302451552.0,34670437,34670559
34670559,41.86921,-87.673831,1302451556.0,34670522,34670589
34670589,41.869193,-87.674095,1302451559.0,34670559,34670621
34670621,41.869186,-87.674395,1302451562.0,34670589,34670654
34670654,41.869184,-87.674718,1302451565.0,34670621,34670688
34670688,41.869178,-87.675058,1302451568.0,34670654,34670724
34670724,41.869174,-87.675381,1302451571.0,34670688,34670763
34670763,41.869167,-87.675679,1302451574.0,34670724,34670802
34670802,41.869164,-87.675987,1302451577.0,34670763,34670844
34670844,41.869157,-87.676321,1302451580.0,34670802,34670886
34670886,41.869144,-87.67668,1302451583.0,34670844,34670915
34670915,41.869139,-87.676932,1302451585.0,34670886,34670945
34670945,41.869147,-87.677191,1302451587.0,34670915,34670975
34670975,41.86914,-87.677455,1302451589.0,34670945,34671005
34671005,41.869132,-87.677723,1302451591.0,34670975,34671037
34671037,41.869128,-87.677988,1302451593.0,34671005,34671069
34671069,41.869125,-87.678252,1302451595.0,34671037,34671101
34671101,41.869124,-87.678513,1302451597.0,34671069,34671133
34671133,41.869122,-87.678777,1302451599.0,34671101,34671166
34671166,41.86912,-87.679042,1302451601.0,34671133,34671200
34671200,41.869118,-87.6793,1302451603.0,34671166,34671234
34671234,41.869112,-87.679548,1302451605.0,34671200,34671286
34671286,41.869105,-87.679903,1302451608.0,34671234,34671337
34671337,41.869098,-87.680234,1302451611.0,34671286,34671391
34671391,41.869101,-87.680483,1302451614.0,34671337,34671695
34671695,41.869089,-87.681101,1302451637.0,34671391,34671755
34671755,41.869075,-87.681394,1302451640.0,34671695,34671818
34671818,41.869061,-87.681725,1302451643.0,34671755,34671879
34671879,41.869058,-87.682081,1302451646.0,34671818,34671917
34671917,41.869057,-87.682323,1302451648.0,34671879,34671979
34671979,41.86905,-87.682681,1302451651.0,34671917,34672044
34672044,41.869042,-87.683014,1302451654.0,34671979,34672109
34672109,41.869036,-87.683311,1302451657.0,34672044,34672226
34672226,41.869025,-87.683571,1302451663.0,34672109,34672281
34672281,41.869014,-87.683885,1302451668.0,34672226,34672330
34672330,41.869009,-87.684166,1302451671.0,34672281,34672390
34672390,41.86899,-87.684446,1302451674.0,34672330,34672480
34672480,41.868984,-87.684731,1302451678.0,34672390,34672643
34672643,41.868995,-87.685001,1302451685.0,34672480,34672705
34672705,41.868991,-87.685245,1302451688.0,34672643,34672776
34672776,41.868991,-87.685538,1302451691.0,34672705,34672856
34672856,41.868995,-87.6858,1302451694.0,34672776,34672998
34672998,41.869037,-87.686036,1302451700.0,34672856,34673077
34673077,41.869247,-87.686076,1302451704.0,34672998,34673160
34673160,41.869463,-87.686069,1302451707.0,34673077,34673238
34673238,41.869717,-87.686079,1302451710.0,34673160,34673284
34673284,41.869897,-87.686086,1302451712.0,34673238,34673332
34673332,41.870082,-87.686092,1302451714.0,34673284,34673381
34673381,41.870265,-87.686092,1302451716.0,34673332,34673432
34673432,41.87045,-87.686095,1302451718.0,34673381,34673486
34673486,41.870634,-87.686106,1302451720.0,34673432,34673536
34673536,41.870822,-87.686114,1302451722.0,34673486,34673587
34673587,41.871016,-87.686121,1302451724.0,34673536,34673640
34673640,41.871212,-87.686128,1302451726.0,34673587,34673690
34673690,41.871404,-87.686138,1302451728.0,34673640,34673744
34673744,41.871597,-87.686149,1302451730.0,34673690,34673796
34673796,41.87179,-87.686157,1302451732.0,34673744,34673854
34673854,41.871986,-87.686162,1302451734.0,34673796,34673905
34673905,41.872182,-87.686165,1302451736.0,34673854,34673944
34673944,41.872375,-87.686169,1302451738.0,34673905,34674000
34674000,41.872566,-87.686175,1302451740.0,34673944,34674058
34674058,41.872754,-87.686179,1302451742.0,34674000,34674116
34674116,41.872937,-87.686188,1302451744.0,34674058,34674200
34674200,41.873193,-87.686203,1302451747.0,34674116,34674282
34674282,41.87343,-87.686213,1302451750.0,34674200,34674356
34674356,41.87364,-87.686213,1302451753.0,34674282,34674609
34674609,41.873821,-87.686217,1302451762.0,34674356,34674863
34674863,41.873883,-87.685922,1302451771.0,34674609,34674947
34674947,41.873887,-87.685669,1302451774.0,34674863,34675024
34675024,41.873895,-87.685373,1302451777.0,34674947,34675116
34675116,41.873904,-87.685056,1302451780.0,34675024,34675215
34675215,41.873912,-87.684719,1302451783.0,34675116,34675308
34675308,41.873917,-87.684405,1302451786.0,34675215,34675394
34675394,41.873921,-87.684134,1302451789.0,34675308,34675484
34675484,41.873928,-87.683881,1302451792.0,34675394,34675571
34675571,41.873931,-87.683582,1302451795.0,34675484,34675661
34675661,41.873932,-87.683242,1302451798.0,34675571,34675765
34675765,41.873937,-87.682888,1302451801.0,34675661,34675864
34675864,41.873943,-87.682527,1302451804.0,34675765,34675953
34675953,41.873947,-87.682171,1302451807.0,34675864,34676039
34676039,41.873956,-87.681838,1302451810.0,34675953,34676121
34676121,41.873959,-87.681574,1302451813.0,34676039,34676344
34676344,41.873961,-87.681288,1302451820.0,34676121,34676475
34676475,41.873969,-87.680967,1302451824.0,34676344,34676568
34676568,41.873975,-87.680662,1302451827.0,34676475,34676664
34676664,41.873978,-87.68032,1302451830.0,34676568,34676729
34676729,41.87398,-87.680073,1302451832.0,34676664,34676801
34676801,41.873982,-87.679821,1302451834.0,34676729,34676867
34676867,41.873986,-87.679567,1302451836.0,34676801,34676929
34676929,41.873992,-87.679308,1302451838.0,34676867,34676987
34676987,41.873997,-87.679043,1302451840.0,34676929,34677048
34677048,41.874002,-87.678772,1302451842.0,34676987,34677116
34677116,41.874007,-87.678504,1302451844.0,34677048,34677183
34677183,41.874011,-87.678243,1302451846.0,34677116,34677251
34677251,41.874018,-87.677985,1302451848.0,34677183,34677320
34677320,41.874023,-87.677733,1302451850.0,34677251,34677391
34677391,41.874026,-87.677488,1302451852.0,34677320,34677486
34677486,41.874026,-87.677143,1302451855.0,34677391,34677579
34677579,41.874001,-87.676856,1302451858.0,34677486,34677807
34677807,41.873996,-87.67661,1302451865.0,34677579,34677951
34677951,41.873843,-87.676471,1302451869.0,34677807,34678058
34678058,41.873647,-87.676453,1302451872.0,34677951,34678168
34678168,41.873429,-87.676433,1302451875.0,34678058,34678263
34678263,41.873217,-87.676421,1302451878.0,34678168,34678361
34678361,41.872989,-87.676407,1302451881.0,34678263,34678460
34678460,41.872733,-87.676389,1302451884.0,34678361,34678532
34678532,41.872549,-87.676379,1302451886.0,34678460,34678601
34678601,41.872352,-87.676368,1302451888.0,34678532,34678671
34678671,41.872158,-87.676348,1302451890.0,34678601,34678743
34678743,41.871975,-87.676321,1302451892.0,34678671,34678852
34678852,41.871719,-87.676306,1302451895.0,34678743,34678989
34678989,41.87153,-87.676293,1302451899.0,34678852,34679276
34679276,41.871433,-87.67606,1302451907.0,34678989,34679375
34679375,41.871438,-87.675797,1302451910.0,34679276,34679481
34679481,41.871443,-87.675502,1302451913.0,34679375,34679598
34679598,41.871447,-87.675185,1302451916.0,34679481,34679708
34679708,41.871452,-87.674842,1302451919.0,34679598,34679824
34679824,41.871454,-87.674504,1302451922.0,34679708,34679934
34679934,41.871457,-87.674194,1302451925.0,34679824,34680031
34680031,41.871457,-87.673934,1302451928.0,34679934,34680226
34680226,41.871456,-87.673677,1302451934.0,34680031,34680380
34680380,41.871462,-87.673383,1302451938.0,34680226,34680497
34680497,41.871471,-87.673084,1302451941.0,34680380,34680612
34680612,41.871479,-87.672757,1302451944.0,34680497,34680714
34680714,41.871485,-87.672419,1302451947.0,34680612,34680813
34680813,41.871491,-87.672099,1302451950.0,34680714,34680927
34680927,41.871495,-87.671816,1302451953.0,34680813,34681058
34681058,41.871502,-87.671573,1302451958.0,34680927,34681393
34681393,41.87151,-87.671268,1302451967.0,34681058,34681489
34681489,41.871514,-87.671005,1302451970.0,34681393,34681554
34681554,41.871518,-87.670695,1302451973.0,34681489,34681658
34681658,41.871522,-87.670358,1302451976.0,34681554,34681754
34681754,41.871529,-87.67002,1302451979.0,34681658,34681846
34681846,41.871531,-87.669687,1302451982.0,34681754,34681931
34681931,41.871537,-87.669375,1302451985.0,34681846,34682057
34682057,41.871536,-87.669095,1302451989.0,34681931,34682311
34682311,41.871331,-87.668966,1302451996.0,34682057,34682416
34682416,41.871146,-87.668961,1302451999.0,34682311,34682516
34682516,41.870921,-87.66895,1302452002.0,34682416,34682627
34682627,41.87067,-87.668935,1302452005.0,34682516,34682731
34682731,41.870406,-87.668922,1302452008.0,34682627,34682845
34682845,41.870143,-87.668916,1302452011.0,34682731,34682961
34682961,41.869878,-87.668908,1302452014.0,34682845,34683070
34683070,41.869628,-87.668903,1302452017.0,34682961,34683169
34683169,41.869422,-87.668898,1302452020.0,34683070,34683468
34683468,41.869232,-87.668873,1302452028.0,34683169,34683649
34683649,41.869167,-87.668592,1302452033.0,34683468,34683754
34683754,41.869175,-87.668327,1302452036.0,34683649,34683862
34683862,41.869173,-87.668018,1302452039.0,34683754,34683972
34683972,41.869171,-87.667703,1302452042.0,34683862,34684080
34684080,41.869172,-87.667415,1302452045.0,34683972,34684192
34684192,41.869171,-87.667153,1302452048.0,34684080,34684328
34684328,41.869167,-87.666851,1302452052.0,34684192,34684872
34684872,41.86916,-87.666579,1302452067.0,34684328,34685020
34685020,41.869162,-87.666254,1302452071.0,34684872,34685122
34685122,41.869172,-87.665955,1302452074.0,34685020,34685234
34685234,41.869182,-87.665625,1302452077.0,34685122,34685351
34685351,41.869185,-87.665288,1302452080.0,34685234,34685461
34685461,41.869187,-87.664957,1302452083.0,34685351,34685564
34685564,41.869186,-87.664642,1302452086.0,34685461,34685677
34685677,41.869186,-87.664362,1302452089.0,34685564,34685853
34685853,41.869183,-87.664113,1302452094.0,34685677,34686102
34686102,41.869184,-87.663832,1302452101.0,34685853,34686238
34686238,41.86919,-87.663532,1302452105.0,34686102,34686379
34686379,41.869206,-87.663247,1302452109.0,34686238,34686490
34686490,41.869204,-87.662988,1302452112.0,34686379,34686606
34686606,41.869209,-87.662695,1302452115.0,34686490,34686716
34686716,41.869214,-87.662386,1302452118.0,34686606,34686819
34686819,41.869215,-87.662075,1302452121.0,34686716,34686928
34686928,41.869214,-87.661776,1302452124.0,34686819,34687042
34687042,41.869223,-87.661478,1302452127.0,34686928,34687144
34687144,41.869234,-87.661165,1302452130.0,34687042,34687246
34687246,41.869242,-87.66083,1302452133.0,34687144,34687364
34687364,41.86925,-87.660478,1302452136.0,34687246,34687437
34687437,41.869253,-87.660234,1302452138.0,34687364,34687512
34687512,41.869257,-87.659983,1302452140.0,34687437,34687581
34687581,41.869261,-87.659731,1302452142.0,34687512,34687654
34687654,41.869266,-87.659476,1302452144.0,34687581,34687731
34687731,41.869274,-87.659221,1302452146.0,34687654,34687808
34687808,41.869281,-87.658968,1302452148.0,34687731,34687879
34687879,41.869285,-87.658726,1302452150.0,34687808,34687939
34687939,41.869289,-87.658484,1302452152.0,34687879,34688049
34688049,41.869298,-87.658124,1302452155.0,34687939,34688161
34688161,41.869304,-87.657786,1302452158.0,34688049,34688259
34688259,41.869313,-87.65747,1302452161.0,34688161,34688369
34688369,41.869325,-87.657185,1302452164.0,34688259,34688522
34688522,41.869335,-87.656916,1302452168.0,34688369,None
