47248333,41.866943,-87.651053,1302651861.0,None,47248903
47248903,41.867127,-87.651141,1302651877.0,47248333,47249037
47249037,41.867152,-87.651407,1302651881.0,47248903,47249144
47249144,41.867146,-87.65168,1302651884.0,47249037,47249254
47249254,41.86714,-87.65198,1302651887.0,47249144,47249365
47249365,41.867135,-87.652298,1302651890.0,47249254,47249475
47249475,41.867125,-87.652622,1302651893.0,47249365,47249581
47249581,41.867113,-87.652938,1302651896.0,47249475,47249692
47249692,41.867107,-87.653262,1302651899.0,47249581,47249802
47249802,41.867103,-87.653585,1302651902.0,47249692,47249900
47249900,41.867095,-87.653914,1302651905.0,47249802,47250010
47250010,41.867091,-87.654255,1302651908.0,47249900,47250126
47250126,41.867083,-87.654614,1302651911.0,47250010,47250206
47250206,41.867075,-87.654856,1302651913.0,47250126,47250283
47250283,41.867066,-87.655104,1302651915.0,47250206,47250354
47250354,41.867058,-87.655355,1302651917.0,47250283,47250424
47250424,41.867052,-87.6556,1302651919.0,47250354,47250530
47250530,41.867046,-87.655951,1302651922.0,47250424,47250631
47250631,41.867049,-87.656269,1302651925.0,47250530,47250781
47250781,41.867052,-87.656564,1302651929.0,47250631,47250994
47250994,41.86723,-87.656673,1302651935.0,47250781,47251145
47251145,41.867459,-87.656695,1302651939.0,47250994,47251255
47251255,41.867679,-87.656706,1302651942.0,47251145,47251359
47251359,41.867909,-87.656712,1302651945.0,47251255,47251462
47251462,41.868135,-87.656721,1302651948.0,47251359,47251569
47251569,41.868366,-87.656727,1302651951.0,47251462,47251676
47251676,41.86861,-87.656738,1302651954.0,47251569,47251788
47251788,41.868853,-87.656739,1302651957.0,47251676,47251900
47251900,41.869075,-87.656736,1302651960.0,47251788,47252084
47252084,41.869273,-87.656736,1302651965.0,47251900,47252274
47252274,41.869486,-87.656739,1302651970.0,47252084,47252378
47252378,41.86967,-87.656757,1302651973.0,47252274,47252487
47252487,41.86989,-87.656782,1302651976.0,47252378,47252594
47252594,41.870128,-87.656794,1302651979.0,47252487,47252696
47252696,41.870384,-87.656802,1302651982.0,47252594,47252809
47252809,41.87065,-87.656798,1302651985.0,47252696,47252887
47252887,41.870831,-87.656802,1302651987.0,47252809,47252948
47252948,41.871013,-87.656809,1302651989.0,47252887,47253008
47253008,41.871195,-87.656812,1302651991.0,47252948,47253017
47253017,41.871446,-87.656828,1302651994.0,47253008,47253031
47253031,41.871692,-87.65683,1302651997.0,47253017,47253049
47253049,41.87198,-87.656811,1302652001.0,47253031,47253141
47253141,41.872168,-87.656806,1302652012.0,47253049,47253182
47253182,41.872355,-87.656809,1302652016.0,47253141,47253214
47253214,41.872553,-87.656798,1302652019.0,47253182,47253248
47253248,41.872775,-87.656785,1302652022.0,47253214,47253284
47253284,41.873012,-87.656762,1302652025.0,47253248,47253321
47253321,41.873248,-87.65674,1302652028.0,47253284,47253360
47253360,41.873478,-87.656736,1302652031.0,47253321,47253400
47253400,41.873697,-87.656734,1302652034.0,47253360,47253442
47253442,41.873901,-87.656725,1302652037.0,47253400,47253499
47253499,41.874126,-87.656729,1302652041.0,47253442,47253570
47253570,41.874244,-87.656515,1302652046.0,47253499,47253632
47253632,41.874245,-87.656195,1302652050.0,47253570,47253680
47253680,41.87425,-87.655915,1302652053.0,47253632,47253731
47253731,41.874253,-87.655629,1302652056.0,47253680,47253779
47253779,41.874254,-87.655328,1302652059.0,47253731,47253832
47253832,41.874258,-87.655017,1302652062.0,47253779,47253885
47253885,41.874264,-87.654696,1302652065.0,47253832,47253937
47253937,41.87427,-87.654369,1302652068.0,47253885,47253992
47253992,41.874271,-87.654055,1302652071.0,47253937,47254048
47254048,41.874274,-87.653738,1302652074.0,47253992,47254102
47254102,41.87428,-87.653427,1302652077.0,47254048,47254160
47254160,41.874284,-87.65314,1302652080.0,47254102,47254220
47254220,41.874285,-87.652871,1302652083.0,47254160,47254278
47254278,41.874284,-87.652599,1302652086.0,47254220,47254338
47254338,41.874285,-87.65235,1302652089.0,47254278,47254419
47254419,41.874296,-87.652085,1302652093.0,47254338,47254704
47254704,41.874305,-87.651839,1302652107.0,47254419,47254765
47254765,41.874312,-87.651579,1302652111.0,47254704,47254823
47254823,41.874311,-87.651331,1302652115.0,47254765,47254890
47254890,41.874342,-87.651051,1302652119.0,47254823,47254938
47254938,41.874334,-87.650786,1302652122.0,47254890,47255000
47255000,41.874332,-87.650515,1302652125.0,47254938,47255070
47255070,41.874334,-87.650247,1302652128.0,47255000,47255138
47255138,41.87434,-87.649989,1302652131.0,47255070,47255235
47255235,41.874344,-87.64971,1302652135.0,47255138,47255572
47255572,41.874355,-87.649436,1302652149.0,47255235,47255675
47255675,41.874373,-87.649143,1302652153.0,47255572,47255746
47255746,41.874375,-87.648899,1302652156.0,47255675,47255821
47255821,41.874379,-87.648643,1302652159.0,47255746,47255903
47255903,41.874374,-87.648394,1302652162.0,47255821,47256008
47256008,41.874346,-87.648093,1302652166.0,47255903,47256154
47256154,41.874322,-87.647836,1302652172.0,47256008,47256484
47256484,41.874291,-87.647547,1302652184.0,47256154,47256593
47256593,41.874218,-87.647285,1302652189.0,47256484,47256738
47256738,41.873998,-87.647234,1302652194.0,47256593,47256855
47256855,41.873788,-87.647221,1302652198.0,47256738,47257452
47257452,41.873586,-87.647213,1302652219.0,47256855,47257561
47257561,41.873361,-87.647198,1302652223.0,47257452,47257647
47257647,41.873159,-87.647192,1302652226.0,47257561,47257742
47257742,41.872949,-87.647184,1302652229.0,47257647,47257835
47257835,41.872739,-87.647173,1302652232.0,47257742,47257927
47257927,41.872544,-87.647168,1302652235.0,47257835,47258043
47258043,41.872335,-87.647165,1302652239.0,47257927,47258579
47258579,41.87215,-87.647159,1302652257.0,47258043,47258707
47258707,41.871958,-87.647151,1302652261.0,47258579,47258802
47258802,41.871768,-87.647141,1302652264.0,47258707,47258899
47258899,41.871557,-87.647139,1302652267.0,47258802,47258998
47258998,41.871324,-87.647134,1302652270.0,47258899,47259097
47259097,41.871081,-87.647127,1302652273.0,47258998,47259179
47259179,41.870843,-87.647118,1302652276.0,47259097,47259275
47259275,41.870607,-87.647114,1302652279.0,47259179,47259371
47259371,41.87038,-87.647109,1302652282.0,47259275,47259437
47259437,41.870135,-87.647088,1302652285.0,47259371,47259507
47259507,41.869949,-87.647065,1302652287.0,47259437,47259581
47259581,41.869762,-87.647063,1302652289.0,47259507,47259642
47259642,41.869582,-87.647075,1302652291.0,47259581,47259742
47259742,41.869313,-87.64707,1302652294.0,47259642,47259806
47259806,41.869131,-87.647062,1302652296.0,47259742,47259873
47259873,41.868948,-87.647054,1302652298.0,47259806,47259934
47259934,41.868765,-87.647048,1302652300.0,47259873,47259999
47259999,41.868585,-87.647044,1302652302.0,47259934,47260095
47260095,41.86832,-87.647038,1302652305.0,47259999,47260192
47260192,41.868075,-87.647031,1302652308.0,47260095,47260290
47260290,41.867852,-87.647022,1302652311.0,47260192,47260393
47260393,41.867657,-87.647016,1302652314.0,47260290,47260563
47260563,41.867452,-87.647011,1302652319.0,47260393,47261108
47261108,41.867253,-87.64701,1302652335.0,47260563,47261252
47261252,41.867021,-87.647005,1302652339.0,47261108,47261361
47261361,41.866813,-87.646989,1302652342.0,47261252,47261464
47261464,41.866598,-87.646959,1302652345.0,47261361,47261567
47261567,41.866377,-87.646935,1302652348.0,47261464,47261667
47261667,41.866157,-87.646922,1302652351.0,47261567,47261766
47261766,41.865975,-87.646914,1302652354.0,47261667,47261948
47261948,41.865787,-87.646939,1302652359.0,47261766,None
