113501745,41.869242,-87.675573,1303961770.0,None,113502205
113502205,41.869222,-87.675869,1303961793.0,113501745,113502252
113502252,41.86921,-87.676113,1303961795.0,113502205,113502294
113502294,41.869206,-87.676404,1303961797.0,113502252,113502317
113502317,41.869197,-87.676728,1303961799.0,113502294,113502358
113502358,41.869182,-87.677077,1303961801.0,113502317,113502399
113502399,41.869172,-87.677447,1303961803.0,113502358,113502446
113502446,41.869171,-87.67783,1303961805.0,113502399,113502489
113502489,41.869167,-87.678223,1303961807.0,113502446,113502522
113502522,41.869163,-87.678621,1303961809.0,113502489,113502556
113502556,41.869161,-87.679007,1303961811.0,113502522,113502590
113502590,41.869159,-87.679372,1303961813.0,113502556,113502626
113502626,41.869156,-87.67972,1303961815.0,113502590,113502670
113502670,41.869159,-87.680028,1303961817.0,113502626,113502737
113502737,41.869157,-87.680343,1303961820.0,113502670,113503309
113503309,41.869165,-87.680628,1303961845.0,113502737,113503375
113503375,41.869174,-87.680925,1303961848.0,113503309,113503408
113503408,41.869169,-87.681192,1303961850.0,113503375,113503455
113503455,41.869163,-87.681503,1303961852.0,113503408,113503508
113503508,41.869154,-87.681839,1303961854.0,113503455,113503558
113503558,41.869149,-87.682188,1303961856.0,113503508,113503609
113503609,41.869146,-87.682522,1303961858.0,113503558,113503662
113503662,41.869141,-87.682823,1303961860.0,113503609,113503717
113503717,41.869139,-87.683089,1303961862.0,113503662,113503798
113503798,41.869134,-87.683384,1303961865.0,113503717,113504055
113504055,41.86911,-87.683641,1303961875.0,113503798,113504167
113504167,41.86911,-87.683946,1303961879.0,113504055,113504257
113504257,41.869105,-87.684305,1303961882.0,113504167,113504331
113504331,41.8691,-87.684621,1303961885.0,113504257,113504468
113504468,41.869091,-87.684876,1303961890.0,113504331,113504586
113504586,41.869079,-87.685186,1303961894.0,113504468,113504667
113504667,41.86907,-87.685478,1303961897.0,113504586,113504745
113504745,41.86909,-87.685758,1303961900.0,113504667,113505115
113505115,41.869104,-87.686014,1303961913.0,113504745,113505255
113505255,41.869293,-87.686116,1303961918.0,113505115,113505339
113505339,41.869504,-87.686103,1303961921.0,113505255,113505428
113505428,41.869731,-87.686104,1303961924.0,113505339,113505520
113505520,41.869981,-87.686109,1303961927.0,113505428,113505578
113505578,41.870167,-87.686122,1303961929.0,113505520,113505646
113505646,41.870356,-87.686137,1303961931.0,113505578,113505705
113505705,41.870557,-87.686135,1303961933.0,113505646,113505762
113505762,41.870767,-87.686142,1303961935.0,113505705,113505821
113505821,41.870984,-87.686152,1303961937.0,113505762,113505884
113505884,41.871207,-87.686157,1303961939.0,113505821,113505946
113505946,41.871432,-87.686156,1303961941.0,113505884,113506010
113506010,41.871663,-87.686166,1303961943.0,113505946,113506068
113506068,41.8719,-87.68617,1303961945.0,113506010,113506130
113506130,41.872139,-87.686175,1303961947.0,113506068,113506198
113506198,41.872386,-87.686173,1303961949.0,113506130,113506257
113506257,41.87263,-87.686177,1303961951.0,113506198,113506322
113506322,41.872863,-87.686182,1303961953.0,113506257,113506385
113506385,41.873079,-87.686193,1303961955.0,113506322,113506444
113506444,41.873261,-87.686201,1303961957.0,113506385,113506558
113506558,41.873469,-87.686211,1303961961.0,113506444,113506848
113506848,41.873651,-87.686225,1303961970.0,113506558,113506980
113506980,41.873847,-87.686224,1303961974.0,113506848,113507107
113507107,41.873926,-87.686005,1303961978.0,113506980,113507206
113507206,41.873921,-87.685722,1303961981.0,113507107,113507304
113507304,41.873924,-87.685346,1303961984.0,113507206,113507372
113507372,41.873933,-87.685039,1303961986.0,113507304,113507442
113507442,41.873935,-87.684725,1303961988.0,113507372,113507508
113507508,41.873924,-87.68444,1303961990.0,113507442,113507597
113507597,41.873907,-87.684113,1303961993.0,113507508,113507868
113507868,41.873868,-87.683873,1303962001.0,113507597,113508015
113508015,41.873885,-87.683526,1303962005.0,113507868,113508078
113508078,41.873885,-87.683262,1303962007.0,113508015,113508142
113508142,41.873883,-87.682951,1303962009.0,113508078,113508199
113508199,41.873889,-87.682616,1303962011.0,113508142,113508264
113508264,41.873894,-87.682277,1303962013.0,113508199,113508330
113508330,41.873892,-87.681952,1303962015.0,113508264,113508395
113508395,41.873892,-87.681679,1303962017.0,113508330,113508487
113508487,41.873885,-87.681417,1303962020.0,113508395,113508707
113508707,41.873903,-87.681146,1303962026.0,113508487,113508820
113508820,41.873914,-87.680806,1303962029.0,113508707,113508891
113508891,41.873918,-87.680513,1303962031.0,113508820,113508960
113508960,41.873921,-87.680187,1303962033.0,113508891,113509024
113509024,41.873928,-87.679858,1303962035.0,113508960,113509089
113509089,41.873937,-87.679526,1303962037.0,113509024,113509157
113509157,41.873944,-87.679188,1303962039.0,113509089,113509227
113509227,41.873956,-87.67885,1303962041.0,113509157,113509299
113509299,41.873967,-87.678502,1303962043.0,113509227,113509371
113509371,41.873966,-87.678162,1303962045.0,113509299,113509449
113509449,41.873968,-87.677833,1303962047.0,113509371,113509525
113509525,41.873971,-87.677519,1303962049.0,113509449,113509601
113509601,41.87397,-87.677217,1303962051.0,113509525,113509668
113509668,41.87397,-87.676933,1303962053.0,113509601,113509770
113509770,41.873948,-87.676597,1303962056.0,113509668,113509910
113509910,41.873797,-87.676417,1303962060.0,113509770,113510024
113510024,41.873563,-87.676396,1303962063.0,113509910,113510100
113510100,41.873363,-87.676387,1303962065.0,113510024,113510214
113510214,41.873121,-87.67637,1303962068.0,113510100,113511062
113511062,41.872909,-87.676369,1303962092.0,113510214,113511207
113511207,41.872649,-87.676357,1303962096.0,113511062,113511287
113511287,41.872454,-87.676355,1303962098.0,113511207,113511363
113511363,41.872222,-87.676345,1303962100.0,113511287,113511439
113511439,41.871993,-87.676324,1303962102.0,113511363,113511517
113511517,41.871787,-87.676311,1303962104.0,113511439,113511629
113511629,41.871564,-87.676303,1303962107.0,113511517,113511790
113511790,41.871444,-87.676069,1303962112.0,113511629,113511897
113511897,41.871466,-87.675776,1303962115.0,113511790,113511961
113511961,41.871485,-87.675519,1303962117.0,113511897,113512004
113512004,41.871501,-87.675231,1303962119.0,113511961,113512073
113512073,41.871513,-87.674938,1303962121.0,113512004,113512139
113512139,41.871519,-87.674644,1303962123.0,113512073,113512216
113512216,41.871525,-87.674356,1303962125.0,113512139,113512270
113512270,41.871534,-87.674095,1303962127.0,113512216,113512347
113512347,41.871529,-87.673851,1303962130.0,113512270,113512475
113512475,41.871511,-87.673589,1303962134.0,113512347,113512577
113512577,41.871528,-87.67324,1303962137.0,113512475,113512651
113512651,41.871546,-87.672947,1303962139.0,113512577,113512724
113512724,41.871562,-87.67263,1303962141.0,113512651,113512794
113512794,41.871573,-87.672321,1303962143.0,113512724,113512869
113512869,41.871571,-87.672048,1303962145.0,113512794,113512961
113512961,41.871558,-87.671738,1303962148.0,113512869,113513771
113513771,41.871562,-87.671481,1303962171.0,113512961,113513888
113513888,41.871575,-87.671235,1303962174.0,113513771,113514011
113514011,41.871592,-87.67086,1303962177.0,113513888,113514089
113514089,41.871605,-87.670564,1303962179.0,113514011,113514164
113514164,41.871617,-87.67027,1303962181.0,113514089,113514230
113514230,41.87162,-87.669977,1303962183.0,113514164,113514283
113514283,41.871622,-87.66968,1303962185.0,113514230,113514352
113514352,41.871617,-87.669401,1303962187.0,113514283,113514448
113514448,41.8716,-87.669131,1303962190.0,113514352,113514753
113514753,41.87142,-87.668969,1303962198.0,113514448,113514864
113514864,41.871178,-87.668983,1303962201.0,113514753,113514939
113514939,41.870971,-87.668985,1303962203.0,113514864,113515007
113515007,41.870734,-87.668986,1303962205.0,113514939,113515078
113515078,41.87049,-87.668984,1303962207.0,113515007,113515148
113515148,41.870282,-87.668982,1303962209.0,113515078,113515256
113515256,41.870071,-87.668988,1303962212.0,113515148,113515413
113515413,41.869875,-87.668999,1303962216.0,113515256,113515562
113515562,41.869679,-87.668999,1303962220.0,113515413,113515707
113515707,41.869464,-87.668998,1303962224.0,113515562,113515952
113515952,41.869282,-87.669011,1303962231.0,113515707,113516106
113516106,41.86904,-87.668997,1303962235.0,113515952,113516180
113516180,41.868845,-87.668989,1303962237.0,113516106,113516257
113516257,41.868615,-87.668978,1303962239.0,113516180,113516319
113516319,41.868355,-87.668967,1303962241.0,113516257,113516376
113516376,41.868083,-87.668954,1303962243.0,113516319,113516381
113516381,41.867815,-87.66894,1303962245.0,113516376,113516389
113516389,41.867572,-87.668929,1303962247.0,113516381,113516399
113516399,41.867373,-87.66892,1303962249.0,113516389,113516417
113516417,41.867168,-87.668919,1303962252.0,113516399,None
