8750879,41.869321,-87.651108,1301857284.0,None,8751161
8751161,41.869478,-87.651262,1301857299.0,8750879,8751242
8751242,41.869476,-87.651583,1301857303.0,8751161,8751299
8751299,41.869456,-87.651941,1301857306.0,8751242,8751340
8751340,41.869455,-87.652207,1301857308.0,8751299,8751384
8751384,41.869456,-87.652476,1301857310.0,8751340,8751427
8751427,41.869456,-87.652748,1301857312.0,8751384,8751469
8751469,41.869447,-87.65301,1301857314.0,8751427,8751495
8751495,41.869444,-87.653357,1301857317.0,8751469,8751556
8751556,41.869427,-87.653658,1301857320.0,8751495,8751636
8751636,41.869422,-87.653936,1301857324.0,8751556,8751776
8751776,41.869432,-87.654198,1301857331.0,8751636,8751886
8751886,41.869446,-87.654459,1301857336.0,8751776,8751976
8751976,41.869436,-87.654752,1301857340.0,8751886,8752069
8752069,41.869434,-87.655069,1301857344.0,8751976,8752133
8752133,41.869441,-87.655343,1301857347.0,8752069,8752227
8752227,41.869464,-87.655629,1301857351.0,8752133,8752321
8752321,41.869445,-87.655902,1301857355.0,8752227,8752420
8752420,41.869435,-87.656156,1301857359.0,8752321,8752759
8752759,41.869375,-87.656423,1301857373.0,8752420,8752858
8752858,41.869363,-87.656682,1301857377.0,8752759,8752957
8752957,41.869343,-87.656955,1301857381.0,8752858,8753033
8753033,41.869344,-87.657319,1301857384.0,8752957,8753076
8753076,41.869356,-87.657578,1301857386.0,8753033,8753126
8753126,41.869361,-87.657839,1301857388.0,8753076,8753179
8753179,41.869359,-87.6581,1301857390.0,8753126,8753235
8753235,41.869354,-87.65836,1301857392.0,8753179,8753289
8753289,41.869338,-87.65862,1301857394.0,8753235,8753343
8753343,41.869327,-87.658885,1301857396.0,8753289,8753389
8753389,41.869316,-87.659148,1301857398.0,8753343,8753444
8753444,41.869307,-87.65941,1301857400.0,8753389,8753492
8753492,41.869295,-87.659669,1301857402.0,8753444,8753544
8753544,41.869284,-87.659917,1301857404.0,8753492,8753627
8753627,41.869269,-87.660284,1301857407.0,8753544,8753689
8753689,41.869256,-87.660548,1301857409.0,8753627,8753741
8753741,41.869238,-87.660805,1301857411.0,8753689,8753817
8753817,41.869229,-87.661156,1301857414.0,8753741,8753904
8753904,41.869232,-87.661504,1301857417.0,8753817,8753963
8753963,41.869225,-87.66175,1301857419.0,8753904,8754019
8754019,41.869223,-87.662018,1301857421.0,8753963,8754077
8754077,41.869216,-87.662286,1301857423.0,8754019,8754129
8754129,41.869207,-87.66255,1301857425.0,8754077,8754170
8754170,41.869206,-87.662796,1301857427.0,8754129,8754255
8754255,41.869197,-87.663137,1301857430.0,8754170,8754352
8754352,41.869189,-87.663423,1301857433.0,8754255,8754476
8754476,41.869212,-87.663703,1301857437.0,8754352,8754655
8754655,41.869191,-87.66398,1301857444.0,8754476,8754745
8754745,41.869192,-87.664256,1301857447.0,8754655,8754808
8754808,41.8692,-87.664505,1301857449.0,8754745,8754870
8754870,41.869204,-87.66477,1301857451.0,8754808,8754935
8754935,41.869209,-87.665027,1301857453.0,8754870,8755025
8755025,41.869213,-87.665379,1301857456.0,8754935,8755111
8755111,41.869212,-87.6657,1301857459.0,8755025,8755199
8755199,41.869213,-87.666018,1301857462.0,8755111,8755297
8755297,41.869223,-87.666343,1301857465.0,8755199,8755389
8755389,41.869221,-87.666599,1301857468.0,8755297,8755856
8755856,41.869212,-87.666846,1301857483.0,8755389,8756000
8756000,41.869202,-87.667125,1301857488.0,8755856,8756133
8756133,41.869257,-87.667439,1301857492.0,8756000,8756236
8756236,41.869225,-87.667717,1301857495.0,8756133,8756334
8756334,41.869194,-87.668004,1301857498.0,8756236,8756430
8756430,41.869185,-87.668292,1301857501.0,8756334,8756519
8756519,41.869164,-87.668537,1301857504.0,8756430,8756712
8756712,41.869155,-87.66879,1301857510.0,8756519,8756859
8756859,41.869148,-87.669078,1301857514.0,8756712,8756954
8756954,41.869136,-87.669406,1301857517.0,8756859,8757052
8757052,41.869119,-87.669761,1301857520.0,8756954,8757118
8757118,41.869114,-87.67001,1301857522.0,8757052,8757210
8757210,41.869117,-87.670353,1301857525.0,8757118,8757307
8757307,41.869129,-87.670684,1301857528.0,8757210,8757412
8757412,41.869139,-87.670965,1301857531.0,8757307,8757609
8757609,41.869139,-87.671228,1301857537.0,8757412,8758028
8758028,41.86919,-87.671568,1301857549.0,8757609,8758097
8758097,41.869188,-87.671853,1301857551.0,8758028,8758165
8758165,41.869186,-87.672129,1301857553.0,8758097,8758231
8758231,41.869185,-87.672373,1301857555.0,8758165,8758330
8758330,41.869187,-87.672675,1301857558.0,8758231,8758472
8758472,41.869185,-87.67292,1301857562.0,8758330,8758613
8758613,41.869163,-87.673264,1301857566.0,8758472,8758727
8758727,41.86914,-87.673584,1301857569.0,8758613,8758825
8758825,41.86913,-87.673921,1301857572.0,8758727,8758890
8758890,41.869122,-87.674197,1301857574.0,8758825,8758961
8758961,41.869106,-87.67448,1301857576.0,8758890,8759036
8759036,41.869099,-87.674777,1301857578.0,8758961,8759109
8759109,41.869094,-87.675041,1301857580.0,8759036,8759219
8759219,41.869097,-87.6753,1301857583.0,8759109,8759479
8759479,41.869103,-87.675546,1301857590.0,8759219,8759996
8759996,41.869091,-87.675834,1301857604.0,8759479,8760110
8760110,41.869075,-87.676106,1301857607.0,8759996,8760214
8760214,41.869052,-87.676454,1301857610.0,8760110,8760283
8760283,41.86903,-87.676706,1301857612.0,8760214,8760358
8760358,41.869015,-87.67698,1301857614.0,8760283,8760403
8760403,41.869009,-87.677273,1301857616.0,8760358,8760434
8760434,41.869003,-87.677585,1301857618.0,8760403,8760476
8760476,41.869001,-87.677899,1301857620.0,8760434,8760536
8760536,41.869,-87.678206,1301857622.0,8760476,8760604
8760604,41.868999,-87.678503,1301857624.0,8760536,8760677
8760677,41.868959,-87.678781,1301857626.0,8760604,8760751
8760751,41.868933,-87.679066,1301857628.0,8760677,8760820
8760820,41.868928,-87.679359,1301857630.0,8760751,8760888
8760888,41.868928,-87.679637,1301857632.0,8760820,8760951
8760951,41.868927,-87.679889,1301857634.0,8760888,8761053
8761053,41.868929,-87.680193,1301857637.0,8760951,8761186
8761186,41.868945,-87.680442,1301857641.0,8761053,8761353
8761353,41.868964,-87.680737,1301857646.0,8761186,8761421
8761421,41.868983,-87.681211,1301857652.0,8761353,None
