74317379,41.871519,-87.671652,1303230596.0,None,74317567
74317567,41.871512,-87.671407,1303230601.0,74317379,74317703
74317703,41.871515,-87.671078,1303230605.0,74317567,74317788
74317788,41.871515,-87.670796,1303230608.0,74317703,74317855
74317855,41.871514,-87.670515,1303230611.0,74317788,74317932
74317932,41.871511,-87.670253,1303230614.0,74317855,74318133
74318133,41.871504,-87.670009,1303230620.0,74317932,74318553
74318553,41.871531,-87.669735,1303230634.0,74318133,74318736
74318736,41.871569,-87.669484,1303230639.0,74318553,74319031
74319031,41.871572,-87.669237,1303230649.0,74318736,74319314
74319314,41.871402,-87.669117,1303230657.0,74319031,74319439
74319439,41.871158,-87.669111,1303230661.0,74319314,74319526
74319526,41.8709,-87.669104,1303230664.0,74319439,74319595
74319595,41.870718,-87.669096,1303230666.0,74319526,74319664
74319664,41.870526,-87.669077,1303230668.0,74319595,74319729
74319729,41.870331,-87.669071,1303230670.0,74319664,74319801
74319801,41.870138,-87.669069,1303230672.0,74319729,74319869
74319869,41.869947,-87.669073,1303230674.0,74319801,74319937
74319937,41.869763,-87.669074,1303230676.0,74319869,74320029
74320029,41.869523,-87.66907,1303230679.0,74319937,74320158
74320158,41.86934,-87.669062,1303230683.0,74320029,74320373
74320373,41.869146,-87.669032,1303230689.0,74320158,74320471
74320471,41.868926,-87.669017,1303230692.0,74320373,74320562
74320562,41.868654,-87.669006,1303230695.0,74320471,74320623
74320623,41.868461,-87.669004,1303230697.0,74320562,74320690
74320690,41.868267,-87.668999,1303230699.0,74320623,74320760
74320760,41.868072,-87.668993,1303230701.0,74320690,74320831
74320831,41.86788,-87.668988,1303230703.0,74320760,74320936
74320936,41.867623,-87.668982,1303230706.0,74320831,74321031
74321031,41.867428,-87.668978,1303230709.0,74320936,74321293
74321293,41.867243,-87.668985,1303230717.0,74321031,74321423
74321423,41.86706,-87.668989,1303230721.0,74321293,74321558
74321558,41.866854,-87.668933,1303230725.0,74321423,74321676
74321676,41.866797,-87.668654,1303230729.0,74321558,74321777
74321777,41.8668,-87.668345,1303230732.0,74321676,74321888
74321888,41.866804,-87.667991,1303230735.0,74321777,74321956
74321956,41.866806,-87.667746,1303230737.0,74321888,74322025
74322025,41.86681,-87.667496,1303230739.0,74321956,74322086
74322086,41.866813,-87.667149,1303230742.0,74322025,74322185
74322185,41.866816,-87.666856,1303230745.0,74322086,74322279
74322279,41.866816,-87.666562,1303230748.0,74322185,74322380
74322380,41.866816,-87.66623,1303230751.0,74322279,74322446
74322446,41.866816,-87.665985,1303230753.0,74322380,74322519
74322519,41.866819,-87.665724,1303230755.0,74322446,74322591
74322591,41.866823,-87.665449,1303230757.0,74322519,74322645
74322645,41.866827,-87.665164,1303230759.0,74322591,74322706
74322706,41.866831,-87.664871,1303230761.0,74322645,74322765
74322765,41.866833,-87.664575,1303230763.0,74322706,74322835
74322835,41.866834,-87.664272,1303230765.0,74322765,74322898
74322898,41.866838,-87.663962,1303230767.0,74322835,74322970
74322970,41.866843,-87.66365,1303230769.0,74322898,74323041
74323041,41.866847,-87.663334,1303230771.0,74322970,74323109
74323109,41.866851,-87.663023,1303230773.0,74323041,74323172
74323172,41.866855,-87.662719,1303230775.0,74323109,74323242
74323242,41.866861,-87.662423,1303230777.0,74323172,74323298
74323298,41.866868,-87.662132,1303230779.0,74323242,74323366
74323366,41.866873,-87.661844,1303230781.0,74323298,74323435
74323435,41.866877,-87.661416,1303230784.0,74323366,74323502
74323502,41.866882,-87.661137,1303230786.0,74323435,74323571
74323571,41.866885,-87.660863,1303230788.0,74323502,74323642
74323642,41.866889,-87.660587,1303230790.0,74323571,74323712
74323712,41.866895,-87.660307,1303230792.0,74323642,74323771
74323771,41.866904,-87.659895,1303230795.0,74323712,74323833
74323833,41.866908,-87.659622,1303230797.0,74323771,74323899
74323899,41.866905,-87.659336,1303230799.0,74323833,74323957
74323957,41.866905,-87.659053,1303230801.0,74323899,74324030
74324030,41.866906,-87.658769,1303230803.0,74323957,74324101
74324101,41.866909,-87.658484,1303230805.0,74324030,74324169
74324169,41.866912,-87.658194,1303230807.0,74324101,74324239
74324239,41.866916,-87.657904,1303230809.0,74324169,74324301
74324301,41.866918,-87.657617,1303230811.0,74324239,74324362
74324362,41.866924,-87.657335,1303230813.0,74324301,74324420
74324420,41.86693,-87.657054,1303230815.0,74324362,74324484
74324484,41.866936,-87.656773,1303230817.0,74324420,74324552
74324552,41.866944,-87.656495,1303230819.0,74324484,74324620
74324620,41.866951,-87.656216,1303230821.0,74324552,74324692
74324692,41.866956,-87.655941,1303230823.0,74324620,74324761
74324761,41.866961,-87.655673,1303230825.0,74324692,74324831
74324831,41.866967,-87.655414,1303230827.0,74324761,74324901
74324901,41.866969,-87.655164,1303230829.0,74324831,74324985
74324985,41.866976,-87.654831,1303230832.0,74324901,74325084
74325084,41.866977,-87.654563,1303230835.0,74324985,74325223
74325223,41.866985,-87.654258,1303230839.0,74325084,74325327
74325327,41.86698,-87.653978,1303230842.0,74325223,74325422
74325422,41.866985,-87.653685,1303230845.0,74325327,74325514
74325514,41.866992,-87.653394,1303230848.0,74325422,74325610
74325610,41.866993,-87.653083,1303230851.0,74325514,74325713
74325713,41.866999,-87.652783,1303230854.0,74325610,74325808
74325808,41.867003,-87.652518,1303230857.0,74325713,74325945
74325945,41.867002,-87.652258,1303230861.0,74325808,74326684
74326684,41.867006,-87.652013,1303230884.0,74325945,74326818
74326818,41.867019,-87.651683,1303230888.0,74326684,74326918
74326918,41.867043,-87.651416,1303230891.0,74326818,74327049
74327049,41.867058,-87.651144,1303230895.0,74326918,74327210
74327210,41.867209,-87.651012,1303230900.0,74327049,74327338
74327338,41.867428,-87.651005,1303230904.0,74327210,74327449
74327449,41.867634,-87.651017,1303230907.0,74327338,74327557
74327557,41.867863,-87.651029,1303230910.0,74327449,74327646
74327646,41.868109,-87.651042,1303230913.0,74327557,74327734
74327734,41.868358,-87.651048,1303230916.0,74327646,74327835
74327835,41.868606,-87.651059,1303230919.0,74327734,74327938
74327938,41.868858,-87.651066,1303230922.0,74327835,74328039
74328039,41.869096,-87.65108,1303230925.0,74327938,74328137
74328137,41.869283,-87.651108,1303230928.0,74328039,None
