74083209,41.871428,-87.673311,1303220878.0,None,74083406
74083406,41.871412,-87.673021,1303220888.0,74083209,74083572
74083572,41.871404,-87.672775,1303220896.0,74083406,74083837
74083837,41.871409,-87.6725,1303220908.0,74083572,74083903
74083903,41.871408,-87.672246,1303220911.0,74083837,74083970
74083970,41.87142,-87.671987,1303220914.0,74083903,74084036
74084036,41.871436,-87.671729,1303220917.0,74083970,74084088
74084088,41.871469,-87.67145,1303220920.0,74084036,74084157
74084157,41.871484,-87.671133,1303220923.0,74084088,74084217
74084217,41.871501,-87.670796,1303220926.0,74084157,74084257
74084257,41.871508,-87.670476,1303220929.0,74084217,74084288
74084288,41.871522,-87.670188,1303220932.0,74084257,74084333
74084333,41.871536,-87.669922,1303220935.0,74084288,74084409
74084409,41.871577,-87.669636,1303220939.0,74084333,74084627
74084627,41.871603,-87.669383,1303220948.0,74084409,74084829
74084829,41.871539,-87.669152,1303220956.0,74084627,74084913
74084913,41.871321,-87.669145,1303220960.0,74084829,74084989
74084989,41.871074,-87.669142,1303220963.0,74084913,74085037
74085037,41.870887,-87.669128,1303220965.0,74084989,74085088
74085088,41.870688,-87.66912,1303220967.0,74085037,74085139
74085139,41.870487,-87.669112,1303220969.0,74085088,74085188
74085188,41.870283,-87.669102,1303220971.0,74085139,74085235
74085235,41.870081,-87.669087,1303220973.0,74085188,74085290
74085290,41.869883,-87.669075,1303220975.0,74085235,74085346
74085346,41.869703,-87.669064,1303220977.0,74085290,74085414
74085414,41.869494,-87.669056,1303220980.0,74085346,74085624
74085624,41.869304,-87.669032,1303220988.0,74085414,74085761
74085761,41.869078,-87.669024,1303220993.0,74085624,74085845
74085845,41.868854,-87.669021,1303220996.0,74085761,74085923
74085923,41.868595,-87.669019,1303220999.0,74085845,74086004
74086004,41.868332,-87.669017,1303221002.0,74085923,74086087
74086087,41.868069,-87.669021,1303221005.0,74086004,74086163
74086163,41.867801,-87.669012,1303221008.0,74086087,74086251
74086251,41.867538,-87.669004,1303221011.0,74086163,74086338
74086338,41.867322,-87.668997,1303221014.0,74086251,74086484
74086484,41.867142,-87.668986,1303221019.0,74086338,74086915
74086915,41.866957,-87.668971,1303221034.0,74086484,74087050
74087050,41.866791,-87.668871,1303221039.0,74086915,74087162
74087162,41.866773,-87.668614,1303221043.0,74087050,74087260
74087260,41.866764,-87.668299,1303221046.0,74087162,74087358
74087358,41.866761,-87.667933,1303221049.0,74087260,74087413
74087413,41.866763,-87.667673,1303221051.0,74087358,74087472
74087472,41.866765,-87.667416,1303221053.0,74087413,74087530
74087530,41.866769,-87.667152,1303221055.0,74087472,74087593
74087593,41.866771,-87.666879,1303221057.0,74087530,74087651
74087651,41.866773,-87.666595,1303221059.0,74087593,74087711
74087711,41.866774,-87.666305,1303221061.0,74087651,74087774
74087774,41.866775,-87.666003,1303221063.0,74087711,74087808
74087808,41.866779,-87.665682,1303221065.0,74087774,74087875
74087875,41.866785,-87.665349,1303221067.0,74087808,74087926
74087926,41.866791,-87.665011,1303221069.0,74087875,74087988
74087988,41.866794,-87.66467,1303221071.0,74087926,74088057
74088057,41.866798,-87.664332,1303221073.0,74087988,74088122
74088122,41.866805,-87.663991,1303221075.0,74088057,74088180
74088180,41.866809,-87.663648,1303221077.0,74088122,74088239
74088239,41.866818,-87.663302,1303221079.0,74088180,74088298
74088298,41.866825,-87.662957,1303221081.0,74088239,74088361
74088361,41.866833,-87.662611,1303221083.0,74088298,74088427
74088427,41.866838,-87.662272,1303221085.0,74088361,74088489
74088489,41.866849,-87.661935,1303221087.0,74088427,74088562
74088562,41.866859,-87.661602,1303221089.0,74088489,74088629
74088629,41.866865,-87.661262,1303221091.0,74088562,74088701
74088701,41.86687,-87.660915,1303221093.0,74088629,74088768
74088768,41.866876,-87.660566,1303221095.0,74088701,74088827
74088827,41.86688,-87.660218,1303221097.0,74088768,74088887
74088887,41.866884,-87.659875,1303221099.0,74088827,74088943
74088943,41.866889,-87.659531,1303221101.0,74088887,74089006
74089006,41.866893,-87.659191,1303221103.0,74088943,74089072
74089072,41.866894,-87.658855,1303221105.0,74089006,74089141
74089141,41.866896,-87.658521,1303221107.0,74089072,74089205
74089205,41.866903,-87.658208,1303221109.0,74089141,74089277
74089277,41.866909,-87.657916,1303221111.0,74089205,74089351
74089351,41.866916,-87.657636,1303221113.0,74089277,74089421
74089421,41.866921,-87.657361,1303221115.0,74089351,74089489
74089489,41.866922,-87.657086,1303221117.0,74089421,74089558
74089558,41.866925,-87.656806,1303221119.0,74089489,74089626
74089626,41.86693,-87.656523,1303221121.0,74089558,74089696
74089696,41.866935,-87.656234,1303221123.0,74089626,74089761
74089761,41.86694,-87.655936,1303221125.0,74089696,74089818
74089818,41.866945,-87.655634,1303221127.0,74089761,74089852
74089852,41.866951,-87.655331,1303221129.0,74089818,74089859
74089859,41.866955,-87.655035,1303221131.0,74089852,74089868
74089868,41.866965,-87.654756,1303221133.0,74089859,74089879
74089879,41.86697,-87.654494,1303221135.0,74089868,74089898
74089898,41.866971,-87.654194,1303221138.0,74089879,74090133
74090133,41.866973,-87.653919,1303221162.0,74089898,74090183
74090183,41.866978,-87.653593,1303221166.0,74090133,74090222
74090222,41.86698,-87.653239,1303221169.0,74090183,74090249
74090249,41.866981,-87.652966,1303221171.0,74090222,74090277
74090277,41.866984,-87.652668,1303221173.0,74090249,74090305
74090305,41.866988,-87.652352,1303221175.0,74090277,74090333
74090333,41.866989,-87.652035,1303221177.0,74090305,74090363
74090363,41.866996,-87.65173,1303221179.0,74090333,74090387
74090387,41.867013,-87.65146,1303221181.0,74090363,74090434
74090434,41.867031,-87.651183,1303221184.0,74090387,74090628
74090628,41.867171,-87.650975,1303221196.0,74090434,74090698
74090698,41.867389,-87.650986,1303221200.0,74090628,74090750
74090750,41.867603,-87.65099,1303221203.0,74090698,74090803
74090803,41.867856,-87.650997,1303221206.0,74090750,74090860
74090860,41.868128,-87.651008,1303221209.0,74090803,74090897
74090897,41.868318,-87.651015,1303221211.0,74090860,74090933
74090933,41.868512,-87.651023,1303221213.0,74090897,74090970
74090970,41.868713,-87.651024,1303221215.0,74090933,74091010
74091010,41.868914,-87.651031,1303221217.0,74090970,74091051
74091051,41.86911,-87.651038,1303221219.0,74091010,74091108
74091108,41.869342,-87.651075,1303221222.0,74091051,74091196
74091196,41.869519,-87.650975,1303221227.0,74091108,74091283
74091283,41.869503,-87.650658,1303221231.0,74091196,74091341
74091341,41.86948,-87.650295,1303221234.0,74091283,74091380
74091380,41.869476,-87.650019,1303221236.0,74091341,74091422
74091422,41.869474,-87.649734,1303221238.0,74091380,74091466
74091466,41.869475,-87.649449,1303221240.0,74091422,74091511
74091511,41.869469,-87.649181,1303221242.0,74091466,74091576
74091576,41.869466,-87.648871,1303221245.0,74091511,74091770
74091770,41.869461,-87.648622,1303221255.0,74091576,74092346
74092346,41.869463,-87.64836,1303221284.0,74091770,74092494
74092494,41.869478,-87.648074,1303221290.0,74092346,74092592
74092592,41.869482,-87.647801,1303221294.0,74092494,74093093
74093093,41.869479,-87.647555,1303221314.0,74092592,74093223
74093223,41.869497,-87.647307,1303221319.0,74093093,74093327
74093327,41.869447,-87.647064,1303221323.0,74093223,74093439
74093439,41.869247,-87.647022,1303221327.0,74093327,74093518
74093518,41.869017,-87.647043,1303221330.0,74093439,74093593
74093593,41.868745,-87.647047,1303221333.0,74093518,74093650
74093650,41.86856,-87.647041,1303221335.0,74093593,74093707
74093707,41.868371,-87.647036,1303221337.0,74093650,74093768
74093768,41.868183,-87.647037,1303221339.0,74093707,74093828
74093828,41.868003,-87.647047,1303221341.0,74093768,74093903
74093903,41.867778,-87.647056,1303221344.0,74093828,74094093
74094093,41.867589,-87.647063,1303221351.0,74093903,None
