50052745,41.86765,-87.647045,1303057750.0,None,50052884
50052884,41.867436,-87.647024,1303057757.0,50052745,50052988
50052988,41.867233,-87.647091,1303057762.0,50052884,50053071
50053071,41.867204,-87.647333,1303057766.0,50052988,50053155
50053155,41.867195,-87.647575,1303057770.0,50053071,50053240
50053240,41.867185,-87.647825,1303057774.0,50053155,50053305
50053305,41.867188,-87.648089,1303057777.0,50053240,50053372
50053372,41.867195,-87.648368,1303057780.0,50053305,50053439
50053439,41.867194,-87.64863,1303057783.0,50053372,50053525
50053525,41.867186,-87.648889,1303057787.0,50053439,50053900
50053900,41.867182,-87.649187,1303057807.0,50053525,50053996
50053996,41.867177,-87.649468,1303057811.0,50053900,50054065
50054065,41.867172,-87.649746,1303057814.0,50053996,50054138
50054138,41.867164,-87.650053,1303057817.0,50054065,50054211
50054211,41.867159,-87.650354,1303057820.0,50054138,50054286
50054286,41.86716,-87.650625,1303057823.0,50054211,50054378
50054378,41.867168,-87.650922,1303057827.0,50054286,50054501
50054501,41.867358,-87.651022,1303057832.0,50054378,50054607
50054607,41.867561,-87.651018,1303057836.0,50054501,50054711
50054711,41.867809,-87.651026,1303057840.0,50054607,50054780
50054780,41.868047,-87.651034,1303057843.0,50054711,50054856
50054856,41.868307,-87.651041,1303057846.0,50054780,50054910
50054910,41.868487,-87.651044,1303057848.0,50054856,50054966
50054966,41.86867,-87.651046,1303057850.0,50054910,50055046
50055046,41.86893,-87.651052,1303057853.0,50054966,50055126
50055126,41.869167,-87.651084,1303057856.0,50055046,50055203
50055203,41.869368,-87.651126,1303057859.0,50055126,50055309
50055309,41.869528,-87.651306,1303057863.0,50055203,50055395
50055395,41.869529,-87.651548,1303057866.0,50055309,50055478
50055478,41.869516,-87.651849,1303057869.0,50055395,50055562
50055562,41.869507,-87.65218,1303057872.0,50055478,50055646
50055646,41.8695,-87.652524,1303057875.0,50055562,50055729
50055729,41.869498,-87.652871,1303057878.0,50055646,50055802
50055802,41.869491,-87.653217,1303057881.0,50055729,50055895
50055895,41.869483,-87.653543,1303057884.0,50055802,50055987
50055987,41.86948,-87.653849,1303057887.0,50055895,50056127
50056127,41.869469,-87.654103,1303057892.0,50055987,50056354
50056354,41.869456,-87.65436,1303057900.0,50056127,50056463
50056463,41.86943,-87.654654,1303057904.0,50056354,50056553
50056553,41.869417,-87.654968,1303057907.0,50056463,50056640
50056640,41.869416,-87.655315,1303057910.0,50056553,50056722
50056722,41.86941,-87.655643,1303057913.0,50056640,50056818
50056818,41.8694,-87.655952,1303057916.0,50056722,50056906
50056906,41.869407,-87.656248,1303057919.0,50056818,50057002
50057002,41.869418,-87.656545,1303057922.0,50056906,50057098
50057098,41.869421,-87.656861,1303057925.0,50057002,50057189
50057189,41.869406,-87.657189,1303057928.0,50057098,50057287
50057287,41.869396,-87.657537,1303057931.0,50057189,50057381
50057381,41.869391,-87.657885,1303057934.0,50057287,50057454
50057454,41.869388,-87.658239,1303057937.0,50057381,50057551
50057551,41.869386,-87.658593,1303057940.0,50057454,50057655
50057655,41.869382,-87.658954,1303057943.0,50057551,50057756
50057756,41.869381,-87.659307,1303057946.0,50057655,50057851
50057851,41.869377,-87.659654,1303057949.0,50057756,50057940
50057940,41.869373,-87.659966,1303057952.0,50057851,50058099
50058099,41.869376,-87.660216,1303057957.0,50057940,50058265
50058265,41.86937,-87.660475,1303057962.0,50058099,50058393
50058393,41.869365,-87.660769,1303057966.0,50058265,50058496
50058496,41.869358,-87.66103,1303057969.0,50058393,50058594
50058594,41.869353,-87.661338,1303057972.0,50058496,50058680
50058680,41.86935,-87.661687,1303057975.0,50058594,50058775
50058775,41.869335,-87.662039,1303057978.0,50058680,50058875
50058875,41.869321,-87.66239,1303057981.0,50058775,50058973
50058973,41.869309,-87.662732,1303057984.0,50058875,50059082
50059082,41.869295,-87.663052,1303057987.0,50058973,50059193
50059193,41.8693,-87.663374,1303057990.0,50059082,50059292
50059292,41.869291,-87.663666,1303057993.0,50059193,50059410
50059410,41.869284,-87.663912,1303057997.0,50059292,50059613
50059613,41.869293,-87.664208,1303058003.0,50059410,50059718
50059718,41.869288,-87.66447,1303058006.0,50059613,50059823
50059823,41.86928,-87.664774,1303058009.0,50059718,50059925
50059925,41.869279,-87.665105,1303058012.0,50059823,50060033
50060033,41.869277,-87.665422,1303058015.0,50059925,50060135
50060135,41.869278,-87.665717,1303058018.0,50060033,50060272
50060272,41.869284,-87.666004,1303058022.0,50060135,50060491
50060491,41.869279,-87.666265,1303058028.0,50060272,50060599
50060599,41.869274,-87.666523,1303058031.0,50060491,50060708
50060708,41.869264,-87.666848,1303058034.0,50060599,50060816
50060816,41.869251,-87.667209,1303058037.0,50060708,50060921
50060921,41.869244,-87.667567,1303058040.0,50060816,50061021
50061021,41.86924,-87.667922,1303058043.0,50060921,50061133
50061133,41.869239,-87.668258,1303058046.0,50061021,50061246
50061246,41.869241,-87.668562,1303058049.0,50061133,50061289
50061289,41.86924,-87.668827,1303058054.0,50061246,50061324
50061324,41.869237,-87.669144,1303058060.0,50061289,50061346
50061346,41.869226,-87.669426,1303058063.0,50061324,50061370
50061370,41.869219,-87.669748,1303058066.0,50061346,50061397
50061397,41.869228,-87.670109,1303058069.0,50061370,50061426
50061426,41.869237,-87.670455,1303058072.0,50061397,50061456
50061456,41.869229,-87.67077,1303058075.0,50061426,50061489
50061489,41.869217,-87.671058,1303058078.0,50061456,50061559
50061559,41.869206,-87.671319,1303058084.0,50061489,50061622
50061622,41.869216,-87.67162,1303058089.0,50061559,50061661
50061661,41.869216,-87.671895,1303058092.0,50061622,50061703
50061703,41.86923,-87.672218,1303058095.0,50061661,50061745
50061745,41.869216,-87.672545,1303058098.0,50061703,50061789
50061789,41.869205,-87.672868,1303058101.0,50061745,50061827
50061827,41.869192,-87.673172,1303058104.0,50061789,50061876
50061876,41.869187,-87.673423,1303058107.0,50061827,50061959
50061959,41.869168,-87.673697,1303058113.0,50061876,50062027
50062027,41.869166,-87.673988,1303058117.0,50061959,50062076
50062076,41.869162,-87.674285,1303058120.0,50062027,50062130
50062130,41.869157,-87.674602,1303058123.0,50062076,50062182
50062182,41.869149,-87.674921,1303058126.0,50062130,50062236
50062236,41.869145,-87.675225,1303058129.0,50062182,50062292
50062292,41.869143,-87.675495,1303058132.0,50062236,50062366
50062366,41.86914,-87.675765,1303058136.0,50062292,50062786
50062786,41.869136,-87.676037,1303058157.0,50062366,50062845
50062845,41.86913,-87.676279,1303058160.0,50062786,50062910
50062910,41.869118,-87.676578,1303058163.0,50062845,50062975
50062975,41.86911,-87.676914,1303058166.0,50062910,50063040
50063040,41.869105,-87.677269,1303058169.0,50062975,50063085
50063085,41.869102,-87.677516,1303058171.0,50063040,50063129
50063129,41.869098,-87.67777,1303058173.0,50063085,50063174
50063174,41.869094,-87.67803,1303058175.0,50063129,50063199
50063199,41.869088,-87.678295,1303058177.0,50063174,50063243
50063243,41.869085,-87.678562,1303058179.0,50063199,50063267
50063267,41.869081,-87.678829,1303058181.0,50063243,50063314
50063314,41.869077,-87.679091,1303058183.0,50063267,50063354
50063354,41.869072,-87.679341,1303058185.0,50063314,50063407
50063407,41.869067,-87.679692,1303058188.0,50063354,50063445
50063445,41.869067,-87.680017,1303058191.0,50063407,50063502
50063502,41.869068,-87.680294,1303058194.0,50063445,50063920
50063920,41.869067,-87.680536,1303058212.0,50063502,50064050
50064050,41.869074,-87.680842,1303058217.0,50063920,50064111
50064111,41.869075,-87.68113,1303058220.0,50064050,50064188
50064188,41.869063,-87.681453,1303058223.0,50064111,50064267
50064267,41.869048,-87.681794,1303058226.0,50064188,50064345
50064345,41.869044,-87.682143,1303058229.0,50064267,50064422
50064422,41.869037,-87.682495,1303058232.0,50064345,50064503
50064503,41.869027,-87.682825,1303058235.0,50064422,50064585
50064585,41.869022,-87.683133,1303058238.0,50064503,50064693
50064693,41.86904,-87.683406,1303058242.0,50064585,50065232
50065232,41.869029,-87.683658,1303058262.0,50064693,50065350
50065350,41.869014,-87.683984,1303058266.0,50065232,50065433
50065433,41.869004,-87.684266,1303058269.0,50065350,50065522
50065522,41.868994,-87.684517,1303058272.0,50065433,50065690
50065690,41.868979,-87.684778,1303058278.0,50065522,50065810
50065810,41.868985,-87.685021,1303058282.0,50065690,50065896
50065896,41.868983,-87.685276,1303058285.0,50065810,50065986
50065986,41.868986,-87.685533,1303058288.0,50065896,50066105
50066105,41.868987,-87.685818,1303058292.0,50065986,50066371
50066371,41.869067,-87.68605,1303058301.0,50066105,50066491
50066491,41.869294,-87.686047,1303058305.0,50066371,50066587
50066587,41.869522,-87.68605,1303058308.0,50066491,50066688
50066688,41.869771,-87.68606,1303058311.0,50066587,50066784
50066784,41.870033,-87.686072,1303058314.0,50066688,50066872
50066872,41.870283,-87.686085,1303058317.0,50066784,50066964
50066964,41.870522,-87.686092,1303058320.0,50066872,50067051
50067051,41.870735,-87.686094,1303058323.0,50066964,50067208
50067208,41.870921,-87.686101,1303058328.0,50067051,None
