42798179,41.867718,-87.647047,1303920232.0,None,42798503
42798503,41.867527,-87.647022,1303920242.0,42798179,42798953
42798953,41.867341,-87.647011,1303920255.0,42798503,42799413
42799413,41.86723,-87.647231,1303920268.0,42798953,42799555
42799555,41.86723,-87.647527,1303920272.0,42799413,42799667
42799667,41.86723,-87.647824,1303920275.0,42799555,42799775
42799775,41.867222,-87.648167,1303920278.0,42799667,42799849
42799849,41.867219,-87.648417,1303920280.0,42799775,42799927
42799927,41.867216,-87.648682,1303920282.0,42799849,42799991
42799991,41.867214,-87.64896,1303920284.0,42799927,42800060
42800060,41.86721,-87.64924,1303920286.0,42799991,42800127
42800127,41.867206,-87.649524,1303920288.0,42800060,42800197
42800197,41.8672,-87.649809,1303920290.0,42800127,42800272
42800272,41.867193,-87.650095,1303920292.0,42800197,42800347
42800347,41.867189,-87.650382,1303920294.0,42800272,42800416
42800416,41.867183,-87.650667,1303920296.0,42800347,42800491
42800491,41.867177,-87.650951,1303920298.0,42800416,42800562
42800562,41.867168,-87.651232,1303920300.0,42800491,42800631
42800631,41.867161,-87.651516,1303920302.0,42800562,42800705
42800705,41.867157,-87.651805,1303920304.0,42800631,42800781
42800781,41.867152,-87.652102,1303920306.0,42800705,42800853
42800853,41.867149,-87.652405,1303920308.0,42800781,42800927
42800927,41.867146,-87.652709,1303920310.0,42800853,42800992
42800992,41.867144,-87.653003,1303920312.0,42800927,42801063
42801063,41.867139,-87.653281,1303920314.0,42800992,42801133
42801133,41.867133,-87.653546,1303920316.0,42801063,42801204
42801204,41.867123,-87.6538,1303920318.0,42801133,42801275
42801275,41.867116,-87.654063,1303920320.0,42801204,42801347
42801347,41.867114,-87.654339,1303920322.0,42801275,42801419
42801419,41.86711,-87.654623,1303920324.0,42801347,42801490
42801490,41.867101,-87.654913,1303920326.0,42801419,42801569
42801569,41.867095,-87.655212,1303920328.0,42801490,42801639
42801639,41.86709,-87.655505,1303920330.0,42801569,42801714
42801714,41.867086,-87.655793,1303920332.0,42801639,42801791
42801791,41.867084,-87.656078,1303920334.0,42801714,42801862
42801862,41.867079,-87.656368,1303920336.0,42801791,42801933
42801933,41.867075,-87.656667,1303920338.0,42801862,42802003
42802003,41.867069,-87.656974,1303920340.0,42801933,42802073
42802073,41.867064,-87.657287,1303920342.0,42802003,42802143
42802143,41.86706,-87.657608,1303920344.0,42802073,42802179
42802179,41.867053,-87.657932,1303920346.0,42802143,42802256
42802256,41.867045,-87.65826,1303920348.0,42802179,42802335
42802335,41.86704,-87.658585,1303920350.0,42802256,42802408
42802408,41.867036,-87.658904,1303920352.0,42802335,42802482
42802482,41.867032,-87.659216,1303920354.0,42802408,42802558
42802558,41.867029,-87.659524,1303920356.0,42802482,42802615
42802615,41.867024,-87.65983,1303920358.0,42802558,42802682
42802682,41.867018,-87.660135,1303920360.0,42802615,42802752
42802752,41.867013,-87.660442,1303920362.0,42802682,42802823
42802823,41.867005,-87.660755,1303920364.0,42802752,42802890
42802890,41.866999,-87.661074,1303920366.0,42802823,42802968
42802968,41.866996,-87.661389,1303920368.0,42802890,42803037
42803037,41.866992,-87.661703,1303920370.0,42802968,42803111
42803111,41.866991,-87.66201,1303920372.0,42803037,42803186
42803186,41.866987,-87.662313,1303920374.0,42803111,42803262
42803262,41.866987,-87.662618,1303920376.0,42803186,42803328
42803328,41.866983,-87.66292,1303920378.0,42803262,42803393
42803393,41.866975,-87.663213,1303920380.0,42803328,42803458
42803458,41.866969,-87.6635,1303920382.0,42803393,42803527
42803527,41.866963,-87.663784,1303920384.0,42803458,42803603
42803603,41.866959,-87.664056,1303920386.0,42803527,42803680
42803680,41.866956,-87.664319,1303920388.0,42803603,42803753
42803753,41.866953,-87.664567,1303920390.0,42803680,42803859
42803859,41.866951,-87.664883,1303920393.0,42803753,42804014
42804014,41.866945,-87.66519,1303920397.0,42803859,42804283
42804283,41.866939,-87.665438,1303920405.0,42804014,42804947
42804947,41.866931,-87.665734,1303920423.0,42804283,42805054
42805054,41.86693,-87.665977,1303920426.0,42804947,42805157
42805157,41.866931,-87.666285,1303920429.0,42805054,42805265
42805265,41.866933,-87.666635,1303920432.0,42805157,42805334
42805334,41.86693,-87.666891,1303920434.0,42805265,42805395
42805395,41.866928,-87.667166,1303920436.0,42805334,42805468
42805468,41.866928,-87.667442,1303920438.0,42805395,42805543
42805543,41.866933,-87.667703,1303920440.0,42805468,42805622
42805622,41.866936,-87.667948,1303920442.0,42805543,42805733
42805733,41.866944,-87.668285,1303920445.0,42805622,42805840
42805840,41.866948,-87.668529,1303920448.0,42805733,42806440
42806440,41.86695,-87.66881,1303920465.0,42805840,42806655
42806655,41.867141,-87.668899,1303920471.0,42806440,42806794
42806794,41.867358,-87.668906,1303920475.0,42806655,42806892
42806892,41.867581,-87.668906,1303920478.0,42806794,42807004
42807004,41.867849,-87.668917,1303920481.0,42806892,42807085
42807085,41.868037,-87.66892,1303920483.0,42807004,42807160
42807160,41.868229,-87.668921,1303920485.0,42807085,42807222
42807222,41.868425,-87.668926,1303920487.0,42807160,42807299
42807299,41.868616,-87.668934,1303920489.0,42807222,42807363
42807363,41.868799,-87.668948,1303920491.0,42807299,42807462
42807462,41.869006,-87.668948,1303920494.0,42807363,42807753
42807753,41.869211,-87.668964,1303920502.0,42807462,42807934
42807934,41.869276,-87.669268,1303920507.0,42807753,42808046
42808046,41.869259,-87.669578,1303920510.0,42807934,42808149
42808149,41.869245,-87.669924,1303920513.0,42808046,42808256
42808256,41.869259,-87.670275,1303920516.0,42808149,42808367
42808367,41.869255,-87.670584,1303920519.0,42808256,42808476
42808476,41.869254,-87.670866,1303920522.0,42808367,42808580
42808580,41.869264,-87.671166,1303920526.0,42808476,42808914
42808914,41.869256,-87.671428,1303920535.0,42808580,42809298
42809298,41.869277,-87.6717,1303920548.0,42808914,42809305
42809305,41.869273,-87.671972,1303920550.0,42809298,42809314
42809314,41.869273,-87.672253,1303920552.0,42809305,42809325
42809325,41.869271,-87.672508,1303920554.0,42809314,42809337
42809337,41.869265,-87.67275,1303920556.0,42809325,42809358
42809358,41.869256,-87.67305,1303920559.0,42809337,42809396
42809396,41.869263,-87.67332,1303920564.0,42809358,42809451
42809451,41.869355,-87.673529,1303920570.0,42809396,42809526
42809526,41.869565,-87.673554,1303920577.0,42809451,42809574
42809574,41.86977,-87.673565,1303920581.0,42809526,42809609
42809609,41.869956,-87.673585,1303920584.0,42809574,42809639
42809639,41.870193,-87.673591,1303920587.0,42809609,42809651
42809651,41.870438,-87.673612,1303920590.0,42809639,42809685
42809685,41.870632,-87.673634,1303920593.0,42809651,42809727
42809727,41.870836,-87.673642,1303920596.0,42809685,42809772
42809772,41.871028,-87.673653,1303920599.0,42809727,42809832
42809832,41.871217,-87.673674,1303920603.0,42809772,42809954
42809954,41.871416,-87.673719,1303920611.0,42809832,42809998
42809998,41.871484,-87.673485,1303920617.0,42809954,None
