114267832,41.867317,-87.647059,1303529532.0,None,114267850
114267850,41.867179,-87.647251,1303529541.0,114267832,114267856
114267856,41.867171,-87.647503,1303529544.0,114267850,114267862
114267862,41.867163,-87.647872,1303529547.0,114267856,114267866
114267866,41.867156,-87.648142,1303529549.0,114267862,114267870
114267870,41.867149,-87.648415,1303529551.0,114267866,114267874
114267874,41.867143,-87.648668,1303529553.0,114267870,114267880
114267880,41.867136,-87.648933,1303529556.0,114267874,114267924
114267924,41.86711,-87.649202,1303529578.0,114267880,114267932
114267932,41.867102,-87.649497,1303529582.0,114267924,114267938
114267938,41.867093,-87.649795,1303529585.0,114267932,114267943
114267943,41.867091,-87.650101,1303529588.0,114267938,114267949
114267949,41.867079,-87.65043,1303529591.0,114267943,114267955
114267955,41.867074,-87.650722,1303529594.0,114267949,114267961
114267961,41.867066,-87.651019,1303529597.0,114267955,114267967
114267967,41.867067,-87.651313,1303529600.0,114267961,114267973
114267973,41.867062,-87.651597,1303529603.0,114267967,114267979
114267979,41.867059,-87.651911,1303529606.0,114267973,114267985
114267985,41.867045,-87.652257,1303529609.0,114267979,114267989
114267989,41.867033,-87.652506,1303529611.0,114267985,114267993
114267993,41.867022,-87.652764,1303529613.0,114267989,114267997
114267997,41.86701,-87.65302,1303529615.0,114267993,114268001
114268001,41.867,-87.653278,1303529617.0,114267997,114268005
114268005,41.86699,-87.653531,1303529619.0,114268001,114268009
114268009,41.866987,-87.653796,1303529621.0,114268005,114268013
114268013,41.86698,-87.654073,1303529623.0,114268009,114268017
114268017,41.86697,-87.654343,1303529625.0,114268013,114268021
114268021,41.866962,-87.654603,1303529627.0,114268017,114268025
114268025,41.86695,-87.654854,1303529629.0,114268021,114268031
114268031,41.866943,-87.655207,1303529632.0,114268025,114268037
114268037,41.866942,-87.655527,1303529635.0,114268031,114268043
114268043,41.866942,-87.655806,1303529638.0,114268037,114268051
114268051,41.866938,-87.656093,1303529642.0,114268043,114268063
114268063,41.866925,-87.656374,1303529648.0,114268051,114268089
114268089,41.866947,-87.65665,1303529661.0,114268063,114268097
114268097,41.866944,-87.656991,1303529665.0,114268089,114268101
114268101,41.866935,-87.657254,1303529667.0,114268097,114268105
114268105,41.86693,-87.657557,1303529669.0,114268101,114268109
114268109,41.866929,-87.657886,1303529671.0,114268105,114268113
114268113,41.866926,-87.658223,1303529673.0,114268109,114268117
114268117,41.866919,-87.65856,1303529675.0,114268113,114268121
114268121,41.866922,-87.659069,1303529678.0,114268117,114268125
114268125,41.866911,-87.659419,1303529680.0,114268121,114268129
114268129,41.866903,-87.659775,1303529682.0,114268125,114268133
114268133,41.866904,-87.660133,1303529684.0,114268129,114268137
114268137,41.866902,-87.660473,1303529686.0,114268133,114268141
114268141,41.866897,-87.660797,1303529688.0,114268137,114268145
114268145,41.86689,-87.661107,1303529690.0,114268141,114268149
114268149,41.86689,-87.661416,1303529692.0,114268145,114268153
114268153,41.866888,-87.66173,1303529694.0,114268149,114268157
114268157,41.86688,-87.662054,1303529696.0,114268153,114268161
114268161,41.86687,-87.662392,1303529698.0,114268157,114268165
114268165,41.866862,-87.662742,1303529700.0,114268161,114268169
114268169,41.866858,-87.66309,1303529702.0,114268165,114268173
114268173,41.866857,-87.663435,1303529704.0,114268169,114268177
114268177,41.866856,-87.663782,1303529706.0,114268173,114268181
114268181,41.866857,-87.664126,1303529708.0,114268177,114268185
114268185,41.866857,-87.664465,1303529710.0,114268181,114268189
114268189,41.86685,-87.664804,1303529712.0,114268185,114268193
114268193,41.866844,-87.665142,1303529714.0,114268189,114268197
114268197,41.866845,-87.665474,1303529716.0,114268193,114268201
114268201,41.866847,-87.665791,1303529718.0,114268197,114268205
114268205,41.866847,-87.666094,1303529720.0,114268201,114268209
114268209,41.86685,-87.666384,1303529722.0,114268205,114268213
114268213,41.866847,-87.666686,1303529724.0,114268209,114268217
114268217,41.866848,-87.667005,1303529726.0,114268213,114268221
114268221,41.866852,-87.667331,1303529728.0,114268217,114268225
114268225,41.866856,-87.66765,1303529730.0,114268221,114268229
114268229,41.866858,-87.667956,1303529732.0,114268225,114268233
114268233,41.866863,-87.668245,1303529734.0,114268229,114268237
114268237,41.866869,-87.668495,1303529736.0,114268233,114268243
114268243,41.866882,-87.66875,1303529739.0,114268237,114268253
114268253,41.866983,-87.669001,1303529744.0,114268243,114268261
114268261,41.867222,-87.669005,1303529748.0,114268253,114268267
114268267,41.867502,-87.669016,1303529751.0,114268261,114268271
114268271,41.867728,-87.669023,1303529753.0,114268267,114268275
114268275,41.867965,-87.669032,1303529755.0,114268271,114268279
114268279,41.868205,-87.669051,1303529757.0,114268275,114268283
114268283,41.868443,-87.669052,1303529759.0,114268279,114268287
114268287,41.86866,-87.669054,1303529761.0,114268283,114268293
114268293,41.868909,-87.669067,1303529764.0,114268287,114268317
114268317,41.869099,-87.669058,1303529776.0,114268293,114268329
114268329,41.869232,-87.669258,1303529782.0,114268317,114268337
114268337,41.869248,-87.66954,1303529786.0,114268329,114268343
114268343,41.869298,-87.669786,1303529789.0,114268337,114268349
114268349,41.869314,-87.670164,1303529792.0,114268343,114268353
114268353,41.869307,-87.670459,1303529794.0,114268349,114268357
114268357,41.8693,-87.670745,1303529796.0,114268353,114268361
114268361,41.869295,-87.67099,1303529798.0,114268357,114268373
114268373,41.869323,-87.671229,1303529804.0,114268361,114268393
114268393,41.869492,-87.671356,1303529814.0,114268373,114268399
114268399,41.869579,-87.671695,1303529817.0,114268393,114268403
114268403,41.869587,-87.672004,1303529819.0,114268399,114268407
114268407,41.869564,-87.672331,1303529821.0,114268403,114268411
114268411,41.869552,-87.672608,1303529823.0,114268407,114268417
114268417,41.869549,-87.672907,1303529826.0,114268411,114268429
114268429,41.869494,-87.673192,1303529832.0,114268417,114268435
114268435,41.869461,-87.673477,1303529835.0,114268429,114268439
114268439,41.869439,-87.673737,1303529837.0,114268435,114268443
114268443,41.869404,-87.674064,1303529839.0,114268439,114268447
114268447,41.86938,-87.674404,1303529841.0,114268443,114268451
114268451,41.869362,-87.674712,1303529843.0,114268447,114268455
114268455,41.869345,-87.674985,1303529845.0,114268451,114268461
114268461,41.869339,-87.67529,1303529848.0,114268455,114268505
114268505,41.869288,-87.675539,1303529870.0,114268461,114268517
114268517,41.86922,-87.67577,1303529876.0,114268505,None
