37983941,41.867178,-87.649316,1303561883.0,None,37984083
37984083,41.867182,-87.649588,1303561889.0,37983941,37984151
37984151,41.867181,-87.649846,1303561892.0,37984083,37984224
37984224,41.867177,-87.650161,1303561895.0,37984151,37984297
37984297,41.867176,-87.650487,1303561898.0,37984224,37984375
37984375,41.867174,-87.650776,1303561901.0,37984297,37984471
37984471,41.867265,-87.651018,1303561905.0,37984375,37984535
37984535,41.867455,-87.651017,1303561908.0,37984471,37984610
37984610,41.867669,-87.651016,1303561911.0,37984535,37984692
37984692,41.867906,-87.651029,1303561914.0,37984610,37984778
37984778,41.868161,-87.651041,1303561917.0,37984692,37984850
37984850,41.868432,-87.651053,1303561920.0,37984778,37984896
37984896,41.868616,-87.651058,1303561922.0,37984850,37984975
37984975,41.86887,-87.651066,1303561925.0,37984896,37985057
37985057,41.869104,-87.65108,1303561928.0,37984975,37985140
37985140,41.869294,-87.651111,1303561931.0,37985057,37985931
37985931,41.869496,-87.651198,1303561960.0,37985140,37986034
37986034,41.869552,-87.651445,1303561964.0,37985931,37986122
37986122,41.869541,-87.651712,1303561967.0,37986034,37986213
37986213,41.869528,-87.652026,1303561970.0,37986122,37986308
37986308,41.869517,-87.652374,1303561973.0,37986213,37986385
37986385,41.869514,-87.652739,1303561976.0,37986308,37986463
37986463,41.869519,-87.653091,1303561979.0,37986385,37986556
37986556,41.869512,-87.653415,1303561982.0,37986463,37986654
37986654,41.869508,-87.653716,1303561985.0,37986556,37986777
37986777,41.869507,-87.654014,1303561989.0,37986654,37986948
37986948,41.869508,-87.654265,1303561995.0,37986777,37987070
37987070,41.869505,-87.654598,1303561999.0,37986948,37987165
37987165,41.869502,-87.654908,1303562002.0,37987070,37987261
37987261,41.869498,-87.65524,1303562005.0,37987165,37987350
37987350,41.869492,-87.655583,1303562008.0,37987261,37987436
37987436,41.869487,-87.655919,1303562011.0,37987350,37987533
37987533,41.869477,-87.656242,1303562014.0,37987436,37987624
37987624,41.869477,-87.656567,1303562017.0,37987533,37987702
37987702,41.869467,-87.656909,1303562020.0,37987624,37987809
37987809,41.869447,-87.65726,1303562023.0,37987702,37987870
37987870,41.869439,-87.657502,1303562025.0,37987809,37987938
37987938,41.869435,-87.657746,1303562027.0,37987870,37988008
37988008,41.869434,-87.657993,1303562029.0,37987938,37988075
37988075,41.869436,-87.658246,1303562031.0,37988008,37988136
37988136,41.86944,-87.6585,1303562033.0,37988075,37988199
37988199,41.869437,-87.658752,1303562035.0,37988136,37988264
37988264,41.869433,-87.659004,1303562037.0,37988199,37988330
37988330,41.869425,-87.659252,1303562039.0,37988264,37988395
37988395,41.869418,-87.659495,1303562041.0,37988330,37988460
37988460,41.869413,-87.659741,1303562043.0,37988395,37988522
37988522,41.869406,-87.65999,1303562045.0,37988460,37988593
37988593,41.869402,-87.660237,1303562047.0,37988522,37988661
37988661,41.869399,-87.660486,1303562049.0,37988593,37988733
37988733,41.869398,-87.660733,1303562051.0,37988661,37988801
37988801,41.869396,-87.660976,1303562053.0,37988733,37988868
37988868,41.869395,-87.66122,1303562055.0,37988801,37988930
37988930,41.869398,-87.661471,1303562057.0,37988868,37988993
37988993,41.869397,-87.661727,1303562059.0,37988930,37989056
37989056,41.869389,-87.661982,1303562061.0,37988993,37989120
37989120,41.869379,-87.662238,1303562063.0,37989056,37989187
37989187,41.869372,-87.662495,1303562065.0,37989120,37989256
37989256,41.869365,-87.662751,1303562067.0,37989187,37989330
37989330,41.869358,-87.662994,1303562069.0,37989256,37989439
37989439,41.86935,-87.663335,1303562072.0,37989330,37989531
37989531,41.869343,-87.663644,1303562075.0,37989439,37989544
37989544,41.869339,-87.663895,1303562079.0,37989531,37989579
37989579,41.86934,-87.664183,1303562085.0,37989544,37989601
37989601,41.869334,-87.664444,1303562088.0,37989579,37989625
37989625,41.86933,-87.664758,1303562091.0,37989601,37989652
37989652,41.869322,-87.665089,1303562094.0,37989625,37989681
37989681,41.869313,-87.66543,1303562097.0,37989652,37989711
37989711,41.869309,-87.665785,1303562100.0,37989681,37989733
37989733,41.869309,-87.666027,1303562102.0,37989711,37989755
37989755,41.869308,-87.666277,1303562104.0,37989733,37989778
37989778,41.869304,-87.666534,1303562106.0,37989755,37989802
37989802,41.869299,-87.666795,1303562108.0,37989778,37989826
37989826,41.869287,-87.667057,1303562110.0,37989802,37989851
37989851,41.869277,-87.667322,1303562112.0,37989826,37989877
37989877,41.86927,-87.667587,1303562114.0,37989851,37989903
37989903,41.869263,-87.66784,1303562116.0,37989877,37989944
37989944,41.869259,-87.668194,1303562119.0,37989903,37989986
37989986,41.86926,-87.668514,1303562122.0,37989944,37990044
37990044,41.869262,-87.668792,1303562126.0,37989986,37990132
37990132,41.869271,-87.669045,1303562132.0,37990044,37990180
37990180,41.869268,-87.669291,1303562135.0,37990132,37990220
37990220,41.869251,-87.6696,1303562138.0,37990180,37990273
37990273,41.869234,-87.669947,1303562141.0,37990220,37990307
37990307,41.86923,-87.670189,1303562143.0,37990273,37990339
37990339,41.869232,-87.670431,1303562145.0,37990307,37990391
37990391,41.869237,-87.670776,1303562148.0,37990339,37990446
37990446,41.869252,-87.671041,1303562151.0,37990391,37990684
37990684,41.86925,-87.671296,1303562164.0,37990446,37990763
37990763,41.869231,-87.671559,1303562168.0,37990684,37990822
37990822,41.86922,-87.671815,1303562171.0,37990763,37990883
37990883,41.869208,-87.67215,1303562174.0,37990822,37990925
37990925,41.8692,-87.672396,1303562176.0,37990883,37990965
37990965,41.869198,-87.672638,1303562178.0,37990925,37991028
37991028,41.869187,-87.672968,1303562181.0,37990965,37991092
37991092,41.869166,-87.673242,1303562184.0,37991028,37991184
37991184,41.869172,-87.673511,1303562189.0,37991092,37991317
37991317,41.869176,-87.673806,1303562195.0,37991184,37991379
37991379,41.869172,-87.674076,1303562198.0,37991317,37991446
37991446,41.869164,-87.6744,1303562201.0,37991379,37991517
37991517,41.869156,-87.674751,1303562204.0,37991446,37991577
37991577,41.869156,-87.675102,1303562207.0,37991517,37991623
37991623,41.869167,-87.675418,1303562210.0,37991577,37991695
37991695,41.869179,-87.675696,1303562214.0,37991623,37992066
37992066,41.869146,-87.675938,1303562232.0,37991695,37992698
37992698,41.869142,-87.676244,1303562258.0,37992066,37992776
37992776,41.869136,-87.676487,1303562261.0,37992698,37992850
37992850,41.869128,-87.676788,1303562264.0,37992776,37992932
37992932,41.869122,-87.677127,1303562267.0,37992850,37992985
37992985,41.869119,-87.677369,1303562269.0,37992932,37993037
37993037,41.869114,-87.677619,1303562271.0,37992985,37993093
37993093,41.869109,-87.677876,1303562273.0,37993037,37993147
37993147,41.869104,-87.678135,1303562275.0,37993093,37993196
37993196,41.869099,-87.678396,1303562277.0,37993147,37993250
37993250,41.869096,-87.678658,1303562279.0,37993196,37993307
37993307,41.869092,-87.678913,1303562281.0,37993250,37993360
37993360,41.86909,-87.679158,1303562283.0,37993307,37993417
37993417,41.869087,-87.679404,1303562285.0,37993360,37993474
37993474,41.869084,-87.679647,1303562287.0,37993417,37993554
37993554,41.869084,-87.679987,1303562290.0,37993474,37993631
37993631,41.869087,-87.680288,1303562293.0,37993554,37993740
37993740,41.869094,-87.680541,1303562297.0,37993631,37994210
37994210,41.8691,-87.680824,1303562316.0,37993740,37994308
37994308,41.869099,-87.681154,1303562320.0,37994210,37994392
37994392,41.869088,-87.681468,1303562323.0,37994308,37994483
37994483,41.869076,-87.681816,1303562326.0,37994392,37994568
37994568,41.869068,-87.682178,1303562329.0,37994483,37994660
37994660,41.869063,-87.682533,1303562332.0,37994568,37994749
37994749,41.869059,-87.682867,1303562335.0,37994660,37994834
37994834,41.869061,-87.683158,1303562338.0,37994749,37994953
37994953,41.869082,-87.683407,1303562342.0,37994834,37995344
37995344,41.869058,-87.68368,1303562355.0,37994953,37995427
37995427,41.86904,-87.683926,1303562358.0,37995344,37995532
37995532,41.869032,-87.684223,1303562361.0,37995427,37995630
37995630,41.869029,-87.6845,1303562364.0,37995532,37995791
37995791,41.869027,-87.684765,1303562369.0,37995630,37995935
37995935,41.869025,-87.685014,1303562374.0,37995791,37996031
37996031,41.869024,-87.68526,1303562377.0,37995935,37996133
37996133,41.869026,-87.685529,1303562380.0,37996031,37996269
37996269,41.869033,-87.685817,1303562384.0,37996133,37996492
37996492,41.869149,-87.686053,1303562391.0,37996269,37996596
37996596,41.869333,-87.686047,1303562394.0,37996492,37996689
37996689,41.86956,-87.686045,1303562397.0,37996596,37996789
37996789,41.869818,-87.686052,1303562400.0,37996689,37996889
37996889,41.870079,-87.686062,1303562403.0,37996789,37996990
37996990,41.870338,-87.686072,1303562406.0,37996889,37997056
37997056,41.870519,-87.686074,1303562408.0,37996990,37997125
37997125,41.870706,-87.686079,1303562410.0,37997056,37997198
37997198,41.870898,-87.686083,1303562412.0,37997125,37997264
37997264,41.871092,-87.686088,1303562414.0,37997198,37997314
37997314,41.871284,-87.686096,1303562416.0,37997264,37997382
37997382,41.871478,-87.686106,1303562418.0,37997314,37997447
37997447,41.871673,-87.686116,1303562420.0,37997382,37997516
37997516,41.871867,-87.686124,1303562422.0,37997447,37997585
37997585,41.87206,-87.686133,1303562424.0,37997516,37997659
37997659,41.872254,-87.686138,1303562426.0,37997585,37997732
37997732,41.872441,-87.686143,1303562428.0,37997659,37997804
37997804,41.872624,-87.68615,1303562430.0,37997732,37997873
37997873,41.872804,-87.686153,1303562432.0,37997804,37997977
37997977,41.873069,-87.686162,1303562435.0,37997873,37998071
37998071,41.873317,-87.686173,1303562438.0,37997977,37998177
37998177,41.873524,-87.686179,1303562441.0,37998071,37998349
37998349,41.873714,-87.686187,1303562446.0,37998177,37998884
37998884,41.873893,-87.686112,1303562461.0,37998349,37999026
37999026,41.873911,-87.685836,1303562465.0,37998884,37999128
37999128,41.87391,-87.685581,1303562468.0,37999026,37999231
37999231,41.873921,-87.685273,1303562471.0,37999128,37999344
37999344,41.87393,-87.684945,1303562474.0,37999231,37999465
37999465,41.873941,-87.684633,1303562477.0,37999344,37999579
37999579,41.873949,-87.684356,1303562480.0,37999465,37999722
37999722,41.873945,-87.684085,1303562484.0,37999579,38000475
38000475,41.873931,-87.683807,1303562505.0,37999722,38000619
38000619,41.873939,-87.683507,1303562509.0,38000475,38000732
38000732,41.873947,-87.683204,1303562512.0,38000619,38000844
38000844,41.873952,-87.682864,1303562515.0,38000732,38000953
38000953,41.873961,-87.682501,1303562518.0,38000844,38001070
38001070,41.873967,-87.68216,1303562521.0,38000953,38001153
38001153,41.873972,-87.681845,1303562524.0,38001070,38001186
38001186,41.873977,-87.681597,1303562527.0,38001153,38001216
38001216,41.873977,-87.681345,1303562533.0,38001186,38001238
38001238,41.87399,-87.68104,1303562537.0,38001216,38001261
38001261,41.874007,-87.680739,1303562540.0,38001238,38001286
38001286,41.87402,-87.680396,1303562543.0,38001261,38001305
38001305,41.874023,-87.680144,1303562545.0,38001286,38001324
38001324,41.874029,-87.679883,1303562547.0,38001305,38001345
38001345,41.874032,-87.67961,1303562549.0,38001324,38001365
38001365,41.874035,-87.679338,1303562551.0,38001345,38001383
38001383,41.874036,-87.679068,1303562553.0,38001365,38001408
38001408,41.874037,-87.67879,1303562555.0,38001383,38001428
38001428,41.874043,-87.678537,1303562557.0,38001408,38001453
38001453,41.874049,-87.678287,1303562559.0,38001428,38001479
38001479,41.874058,-87.678042,1303562561.0,38001453,38001515
38001515,41.87407,-87.677706,1303562564.0,38001479,38001557
38001557,41.874076,-87.677401,1303562567.0,38001515,38001596
38001596,41.874072,-87.677105,1303562570.0,38001557,38001654
38001654,41.874039,-87.676814,1303562574.0,38001596,38001815
38001815,41.873966,-87.676556,1303562596.0,38001654,38001853
38001853,41.873739,-87.676499,1303562600.0,38001815,38001883
38001883,41.873547,-87.676491,1303562603.0,38001853,38001912
38001912,41.873358,-87.676481,1303562606.0,38001883,38001957
38001957,41.873141,-87.676472,1303562610.0,38001912,None
