16923002,41.865593,-87.64695,1302716420.0,None,16923039
16923039,41.865402,-87.646989,1302716425.0,16923002,16923085
16923085,41.865198,-87.647015,1302716430.0,16923039,16923148
16923148,41.865021,-87.646913,1302716437.0,16923085,16923378
16923378,41.864828,-87.646895,1302716456.0,16923148,16923438
16923438,41.864645,-87.646918,1302716460.0,16923378,16923466
16923466,41.864468,-87.647029,1302716463.0,16923438,16923517
16923517,41.864297,-87.647147,1302716466.0,16923466,16923737
16923737,41.864162,-87.64732,1302716480.0,16923517,16923810
16923810,41.863939,-87.647309,1302716484.0,16923737,16923862
16923862,41.863738,-87.647296,1302716487.0,16923810,16923914
16923914,41.863523,-87.647281,1302716490.0,16923862,16923993
16923993,41.863283,-87.647304,1302716494.0,16923914,16924066
16924066,41.86312,-87.64745,1302716498.0,16923993,16924124
16924124,41.86307,-87.647682,1302716501.0,16924066,16924182
16924182,41.863041,-87.648005,1302716504.0,16924124,16924221
16924221,41.863005,-87.64827,1302716506.0,16924182,16924278
16924278,41.862881,-87.648501,1302716509.0,16924221,16924360
16924360,41.86286,-87.648781,1302716513.0,16924278,16924438
16924438,41.862845,-87.64903,1302716517.0,16924360,16924506
16924506,41.862774,-87.649396,1302716520.0,16924438,16924548
16924548,41.862594,-87.649675,1302716522.0,16924506,16924586
16924586,41.862457,-87.64997,1302716524.0,16924548,16924624
16924624,41.862389,-87.650247,1302716526.0,16924586,16924688
16924688,41.862372,-87.650536,1302716529.0,16924624,16924868
16924868,41.862388,-87.650805,1302716537.0,16924688,16924960
16924960,41.862571,-87.65083,1302716541.0,16924868,16925010
16925010,41.862813,-87.650829,1302716544.0,16924960,16925068
16925068,41.863059,-87.650843,1302716547.0,16925010,16925131
16925131,41.863249,-87.650888,1302716550.0,16925068,16925255
16925255,41.863449,-87.650819,1302716556.0,16925131,16925327
16925327,41.863688,-87.650795,1302716559.0,16925255,16925379
16925379,41.863917,-87.650828,1302716561.0,16925327,16925427
16925427,41.864126,-87.650841,1302716563.0,16925379,16925474
16925474,41.864324,-87.650858,1302716565.0,16925427,16925572
16925572,41.864511,-87.650877,1302716569.0,16925474,16925675
16925675,41.864739,-87.6509,1302716573.0,16925572,16925725
16925725,41.864931,-87.650909,1302716575.0,16925675,16925777
16925777,41.865155,-87.650919,1302716577.0,16925725,16925826
16925826,41.865401,-87.650924,1302716579.0,16925777,16925865
16925865,41.865667,-87.650938,1302716581.0,16925826,16925905
16925905,41.865944,-87.650951,1302716583.0,16925865,16925957
16925957,41.866217,-87.650966,1302716585.0,16925905,16926012
16926012,41.866474,-87.650968,1302716587.0,16925957,16926069
16926069,41.866688,-87.650975,1302716589.0,16926012,16926147
16926147,41.866899,-87.651064,1302716592.0,16926069,16926224
16926224,41.866997,-87.651308,1302716595.0,16926147,16926302
16926302,41.867058,-87.651656,1302716598.0,16926224,16926354
16926354,41.867063,-87.651943,1302716600.0,16926302,16926408
16926408,41.867083,-87.652249,1302716602.0,16926354,16926463
16926463,41.867102,-87.652551,1302716604.0,16926408,16926515
16926515,41.867126,-87.652817,1302716606.0,16926463,16926598
16926598,41.867145,-87.653104,1302716609.0,16926515,16927330
16927330,41.867257,-87.653293,1302716635.0,16926598,16927468
16927468,41.867246,-87.65362,1302716640.0,16927330,16927559
16927559,41.867259,-87.65395,1302716643.0,16927468,16927620
16927620,41.867258,-87.654222,1302716645.0,16927559,16927682
16927682,41.867254,-87.654506,1302716647.0,16927620,16927740
16927740,41.867243,-87.654796,1302716649.0,16927682,16927798
16927798,41.867227,-87.655096,1302716651.0,16927740,16927854
16927854,41.867206,-87.655419,1302716653.0,16927798,16927913
16927913,41.867196,-87.655746,1302716655.0,16927854,16927974
16927974,41.867187,-87.656051,1302716657.0,16927913,16928039
16928039,41.867174,-87.656321,1302716659.0,16927974,16928190
16928190,41.867163,-87.656567,1302716664.0,16928039,16928877
16928877,41.867334,-87.656711,1302716686.0,16928190,16928978
16928978,41.867556,-87.656697,1302716689.0,16928877,16929083
16929083,41.867784,-87.656701,1302716692.0,16928978,16929173
16929173,41.86801,-87.6567,1302716695.0,16929083,16929261
16929261,41.868222,-87.656713,1302716698.0,16929173,16929360
16929360,41.868402,-87.656737,1302716701.0,16929261,16929494
16929494,41.868614,-87.656767,1302716705.0,16929360,16929628
16929628,41.868841,-87.656785,1302716709.0,16929494,16929760
16929760,41.869066,-87.656767,1302716713.0,16929628,16929881
16929881,41.8693,-87.656769,1302716717.0,16929760,16930015
16930015,41.869496,-87.656783,1302716721.0,16929881,16930118
16930118,41.869735,-87.656769,1302716724.0,16930015,16930181
16930181,41.869948,-87.656771,1302716726.0,16930118,16930247
16930247,41.870187,-87.656789,1302716728.0,16930181,16930317
16930317,41.870435,-87.656806,1302716730.0,16930247,16930386
16930386,41.870686,-87.65682,1302716732.0,16930317,16930456
16930456,41.870938,-87.656835,1302716734.0,16930386,16930526
16930526,41.87119,-87.656851,1302716736.0,16930456,16930594
16930594,41.871436,-87.656866,1302716738.0,16930526,16930665
16930665,41.871652,-87.656877,1302716740.0,16930594,16930765
16930765,41.871887,-87.656895,1302716743.0,16930665,16930906
16930906,41.87208,-87.656906,1302716747.0,16930765,16931032
16931032,41.872296,-87.656869,1302716751.0,16930906,16931137
16931137,41.872524,-87.656808,1302716754.0,16931032,16931214
16931214,41.872732,-87.656786,1302716756.0,16931137,16931284
16931284,41.872971,-87.656766,1302716758.0,16931214,16931358
16931358,41.87319,-87.656755,1302716760.0,16931284,16931431
16931431,41.873407,-87.656759,1302716762.0,16931358,16931499
16931499,41.873613,-87.656763,1302716764.0,16931431,16931604
16931604,41.873852,-87.65677,1302716767.0,16931499,16931703
16931703,41.87401,-87.656605,1302716770.0,16931604,16931812
16931812,41.874089,-87.656269,1302716773.0,16931703,16931887
16931887,41.874168,-87.655977,1302716775.0,16931812,16931960
16931960,41.874222,-87.655664,1302716777.0,16931887,16932037
16932037,41.874256,-87.655349,1302716779.0,16931960,16932111
16932111,41.874289,-87.655033,1302716781.0,16932037,16932184
16932184,41.874315,-87.654711,1302716783.0,16932111,16932248
16932248,41.874331,-87.65438,1302716785.0,16932184,16932320
16932320,41.874346,-87.654075,1302716787.0,16932248,16932389
16932389,41.874345,-87.653788,1302716789.0,16932320,16932459
16932459,41.874347,-87.653522,1302716791.0,16932389,16932533
16932533,41.874361,-87.653277,1302716793.0,16932459,16932608
16932608,41.874369,-87.653035,1302716795.0,16932533,16932727
16932727,41.874356,-87.652703,1302716798.0,16932608,16932837
16932837,41.87434,-87.652448,1302716801.0,16932727,16933538
16933538,41.874333,-87.652167,1302716820.0,16932837,16933674
16933674,41.874331,-87.6519,1302716824.0,16933538,16933783
16933783,41.87433,-87.651619,1302716827.0,16933674,16933899
16933899,41.87433,-87.651295,1302716830.0,16933783,16933972
16933972,41.874335,-87.651036,1302716832.0,16933899,16934047
16934047,41.874329,-87.650769,1302716834.0,16933972,16934124
16934124,41.874321,-87.650489,1302716836.0,16934047,16934201
16934201,41.874309,-87.650207,1302716838.0,16934124,16934279
16934279,41.874309,-87.64995,1302716840.0,16934201,16934340
16934340,41.8743,-87.649696,1302716843.0,16934279,16934544
16934544,41.874263,-87.649444,1302716850.0,16934340,16934654
16934654,41.874249,-87.649203,1302716853.0,16934544,16934755
16934755,41.874232,-87.648864,1302716856.0,16934654,16934807
16934807,41.874202,-87.648622,1302716858.0,16934755,16934875
16934875,41.874158,-87.648374,1302716860.0,16934807,16934977
16934977,41.874097,-87.648047,1302716863.0,16934875,16935105
16935105,41.874058,-87.647764,1302716867.0,16934977,16936053
16936053,41.874169,-87.647559,1302716894.0,16935105,16936250
16936250,41.874059,-87.647353,1302716900.0,16936053,16936356
16936356,41.873826,-87.647334,1302716903.0,16936250,16936424
16936424,41.873628,-87.647325,1302716905.0,16936356,16936500
16936500,41.873407,-87.647306,1302716907.0,16936424,16936574
16936574,41.873191,-87.647261,1302716909.0,16936500,16936647
16936647,41.872984,-87.647218,1302716911.0,16936574,16936714
16936714,41.8728,-87.647194,1302716913.0,16936647,16936752
16936752,41.872565,-87.647186,1302716916.0,16936714,16936766
16936766,41.872355,-87.647219,1302716920.0,16936752,None
