77322352,41.8658,-87.64693,1303522854.0,None,77323258
77323258,41.865609,-87.646893,1303522881.0,77322352,77323394
77323394,41.865427,-87.646878,1303522885.0,77323258,77323517
77323517,41.865224,-87.646872,1303522889.0,77323394,77323692
77323692,41.865013,-87.646863,1303522894.0,77323517,77324260
77324260,41.864807,-87.646879,1303522911.0,77323692,77324398
77324398,41.864564,-87.646868,1303522915.0,77324260,77324491
77324491,41.864342,-87.646852,1303522918.0,77324398,77324590
77324590,41.864111,-87.646846,1303522921.0,77324491,77324699
77324699,41.863871,-87.646843,1303522924.0,77324590,77324792
77324792,41.863621,-87.646831,1303522927.0,77324699,77324898
77324898,41.863367,-87.646829,1303522930.0,77324792,77324999
77324999,41.863108,-87.646817,1303522933.0,77324898,77325101
77325101,41.862846,-87.646807,1303522936.0,77324999,77325194
77325194,41.862607,-87.646801,1303522939.0,77325101,77325329
77325329,41.862413,-87.646801,1303522943.0,77325194,77325668
77325668,41.862268,-87.646993,1303522953.0,77325329,77325838
77325838,41.862299,-87.647288,1303522958.0,77325668,77325979
77325979,41.862305,-87.647609,1303522962.0,77325838,77326079
77326079,41.862305,-87.647905,1303522965.0,77325979,77326178
77326178,41.862306,-87.648214,1303522968.0,77326079,77326276
77326276,41.862307,-87.648496,1303522971.0,77326178,77326479
77326479,41.862305,-87.648754,1303522977.0,77326276,77326643
77326643,41.862303,-87.649034,1303522982.0,77326479,77326720
77326720,41.862298,-87.649353,1303522985.0,77326643,77326731
77326731,41.862299,-87.649709,1303522988.0,77326720,77326747
77326747,41.862297,-87.650049,1303522991.0,77326731,77326766
77326766,41.862301,-87.650376,1303522994.0,77326747,77326788
77326788,41.862303,-87.650633,1303522997.0,77326766,77326848
77326848,41.862339,-87.650889,1303523004.0,77326788,77326931
77326931,41.862543,-87.650904,1303523012.0,77326848,77326988
77326988,41.862758,-87.650884,1303523017.0,77326931,77327024
77327024,41.862957,-87.650892,1303523020.0,77326988,77327063
77327063,41.863166,-87.650898,1303523023.0,77327024,77327116
77327116,41.863354,-87.650905,1303523027.0,77327063,77327215
77327215,41.863582,-87.650912,1303523034.0,77327116,77327260
77327260,41.863791,-87.650925,1303523037.0,77327215,77327305
77327305,41.86405,-87.650934,1303523040.0,77327260,77327353
77327353,41.864305,-87.650941,1303523043.0,77327305,77327401
77327401,41.864511,-87.650941,1303523046.0,77327353,77327535
77327535,41.86471,-87.650953,1303523054.0,77327401,77327604
77327604,41.864937,-87.650961,1303523058.0,77327535,77327658
77327658,41.865196,-87.650964,1303523061.0,77327604,77327693
77327693,41.865382,-87.650964,1303523063.0,77327658,77327729
77327729,41.865568,-87.65097,1303523065.0,77327693,77327767
77327767,41.86575,-87.650975,1303523067.0,77327729,77327822
77327822,41.866009,-87.650982,1303523070.0,77327767,77327877
77327877,41.866257,-87.650988,1303523073.0,77327822,77327937
77327937,41.86649,-87.650993,1303523076.0,77327877,77327997
77327997,41.866718,-87.651011,1303523079.0,77327937,77328052
77328052,41.866914,-87.651019,1303523082.0,77327997,77328135
77328135,41.867105,-87.651097,1303523086.0,77328052,77328219
77328219,41.867152,-87.651376,1303523090.0,77328135,77328277
77328277,41.86715,-87.651638,1303523093.0,77328219,77328345
77328345,41.867146,-87.651929,1303523096.0,77328277,77328413
77328413,41.867139,-87.652245,1303523099.0,77328345,77328452
77328452,41.867137,-87.652581,1303523102.0,77328413,77328508
77328508,41.867136,-87.652897,1303523105.0,77328452,77328578
77328578,41.867134,-87.65315,1303523109.0,77328508,77328975
77328975,41.867134,-87.653469,1303523128.0,77328578,77329047
77329047,41.867131,-87.653767,1303523131.0,77328975,77329121
77329121,41.867128,-87.65412,1303523134.0,77329047,77329170
77329170,41.867124,-87.654373,1303523136.0,77329121,77329219
77329219,41.867121,-87.654629,1303523138.0,77329170,77329264
77329264,41.86712,-87.654887,1303523140.0,77329219,77329311
77329311,41.867117,-87.655138,1303523142.0,77329264,77329385
77329385,41.86711,-87.655494,1303523145.0,77329311,77329467
77329467,41.8671,-87.655818,1303523148.0,77329385,77329534
77329534,41.867097,-87.656113,1303523151.0,77329467,77329633
77329633,41.867098,-87.65638,1303523155.0,77329534,77329916
77329916,41.867146,-87.656628,1303523166.0,77329633,77330044
77330044,41.867355,-87.656666,1303523171.0,77329916,77330153
77330153,41.867602,-87.656684,1303523175.0,77330044,77330231
77330231,41.867842,-87.65669,1303523178.0,77330153,77330316
77330316,41.868102,-87.656686,1303523181.0,77330231,77330370
77330370,41.868284,-87.656695,1303523183.0,77330316,77330424
77330424,41.86847,-87.656708,1303523185.0,77330370,77330477
77330477,41.868656,-87.656698,1303523187.0,77330424,77330557
77330557,41.868914,-87.656684,1303523190.0,77330477,77330643
77330643,41.869129,-87.65668,1303523193.0,77330557,77330779
77330779,41.869324,-87.65669,1303523198.0,77330643,77331472
77331472,41.869513,-87.656711,1303523222.0,77330779,77331553
77331553,41.869712,-87.656723,1303523225.0,77331472,77331642
77331642,41.869973,-87.656749,1303523228.0,77331553,77331706
77331706,41.870177,-87.656753,1303523230.0,77331642,77331762
77331762,41.870392,-87.656756,1303523232.0,77331706,77331823
77331823,41.870603,-87.656756,1303523234.0,77331762,77331886
77331886,41.870811,-87.656765,1303523236.0,77331823,77331942
77331942,41.871013,-87.656774,1303523238.0,77331886,77332000
77332000,41.871207,-87.656785,1303523240.0,77331942,77332061
77332061,41.871393,-87.656789,1303523242.0,77332000,77332125
77332125,41.871575,-87.656791,1303523244.0,77332061,77332224
77332224,41.871827,-87.65678,1303523247.0,77332125,77332300
77332300,41.872033,-87.65676,1303523250.0,77332224,77332506
77332506,41.872236,-87.656743,1303523257.0,77332300,77332639
77332639,41.872426,-87.656744,1303523261.0,77332506,77332736
77332736,41.872667,-87.656735,1303523264.0,77332639,77332801
77332801,41.872847,-87.65672,1303523266.0,77332736,77332893
77332893,41.873108,-87.656694,1303523269.0,77332801,77332979
77332979,41.873368,-87.656678,1303523272.0,77332893,77333070
77333070,41.873626,-87.656672,1303523275.0,77332979,77333170
77333170,41.873831,-87.656685,1303523278.0,77333070,77333348
77333348,41.874047,-87.656696,1303523283.0,77333170,None
