21153680,41.869085,-87.670272,1303252816.0,None,21154715
21154715,41.869048,-87.670548,1303252845.0,21153680,21154825
21154825,41.869046,-87.670818,1303252848.0,21154715,21154931
21154931,41.869062,-87.671088,1303252851.0,21154825,21155266
21155266,41.869104,-87.671342,1303252861.0,21154931,21155914
21155914,41.869205,-87.671556,1303252879.0,21155266,21156139
21156139,41.869337,-87.671755,1303252885.0,21155914,21156286
21156286,41.86956,-87.67185,1303252889.0,21156139,21156363
21156363,41.869745,-87.671852,1303252892.0,21156286,21156432
21156432,41.86995,-87.671859,1303252895.0,21156363,21156556
21156556,41.870172,-87.671852,1303252899.0,21156432,21156710
21156710,41.87043,-87.671813,1303252904.0,21156556,21156814
21156814,41.870591,-87.671692,1303252907.0,21156710,21156846
21156846,41.870784,-87.671592,1303252908.0,21156814,21156880
21156880,41.870974,-87.671481,1303252909.0,21156846,21156940
21156940,41.871162,-87.671293,1303252911.0,21156880,21157007
21157007,41.871267,-87.671081,1303252913.0,21156940,21157079
21157079,41.871351,-87.670821,1303252915.0,21157007,21157150
21157150,41.871392,-87.670566,1303252917.0,21157079,21157222
21157222,41.871427,-87.670324,1303252919.0,21157150,21157293
21157293,41.871469,-87.670077,1303252921.0,21157222,21157396
21157396,41.871496,-87.669738,1303252924.0,21157293,21157499
21157499,41.87153,-87.669469,1303252927.0,21157396,21157666
21157666,41.871577,-87.669214,1303252932.0,21157499,21157806
21157806,41.871625,-87.668941,1303252936.0,21157666,21157915
21157915,41.871643,-87.668573,1303252939.0,21157806,21157981
21157981,41.87166,-87.668289,1303252941.0,21157915,21158046
21158046,41.871676,-87.668,1303252943.0,21157981,21158116
21158116,41.871689,-87.667722,1303252945.0,21158046,21158185
21158185,41.871695,-87.667474,1303252947.0,21158116,21158285
21158285,41.871707,-87.667183,1303252950.0,21158185,21158430
21158430,41.871761,-87.666944,1303252954.0,21158285,21158900
21158900,41.871769,-87.666684,1303252968.0,21158430,21159076
21159076,41.871806,-87.666445,1303252973.0,21158900,21159236
21159236,41.872032,-87.666412,1303252978.0,21159076,21159333
21159333,41.872248,-87.666428,1303252981.0,21159236,21159405
21159405,41.872447,-87.666427,1303252983.0,21159333,21159482
21159482,41.87265,-87.666424,1303252985.0,21159405,21159558
21159558,41.872845,-87.666426,1303252987.0,21159482,21159624
21159624,41.873026,-87.666433,1303252989.0,21159558,21159723
21159723,41.873284,-87.666461,1303252992.0,21159624,21159822
21159822,41.873526,-87.666518,1303252995.0,21159723,21159922
21159922,41.873738,-87.666553,1303252998.0,21159822,21160089
21160089,41.87393,-87.666568,1303253003.0,21159922,21160542
21160542,41.874112,-87.666555,1303253016.0,21160089,21160713
21160713,41.874229,-87.666277,1303253021.0,21160542,21160820
21160820,41.874262,-87.66596,1303253024.0,21160713,21160885
21160885,41.874282,-87.665697,1303253026.0,21160820,21160949
21160949,41.874309,-87.665413,1303253028.0,21160885,21161020
21161020,41.874321,-87.665108,1303253030.0,21160949,21161097
21161097,41.87433,-87.664768,1303253032.0,21161020,21161165
21161165,41.874336,-87.664406,1303253034.0,21161097,21161231
21161231,41.874341,-87.664031,1303253036.0,21161165,21161303
21161303,41.874339,-87.663668,1303253038.0,21161231,21161375
21161375,41.874343,-87.66333,1303253040.0,21161303,21161446
21161446,41.874355,-87.66304,1303253042.0,21161375,21161514
21161514,41.874361,-87.662797,1303253044.0,21161446,21161610
21161610,41.874364,-87.662534,1303253047.0,21161514,21161716
21161716,41.874384,-87.662263,1303253050.0,21161610,21161781
21161781,41.874384,-87.662019,1303253052.0,21161716,21161849
21161849,41.874367,-87.661705,1303253054.0,21161781,21161921
21161921,41.874357,-87.66136,1303253056.0,21161849,21161994
21161994,41.874363,-87.660821,1303253059.0,21161921,21162067
21162067,41.874363,-87.660444,1303253061.0,21161994,21162138
21162138,41.874359,-87.660066,1303253063.0,21162067,21162206
21162206,41.874362,-87.659673,1303253065.0,21162138,21162261
21162261,41.874361,-87.659275,1303253067.0,21162206,21162333
21162333,41.874358,-87.658886,1303253069.0,21162261,21162398
21162398,41.874354,-87.658528,1303253071.0,21162333,21162466
21162466,41.874348,-87.65822,1303253073.0,21162398,21162534
21162534,41.87434,-87.657932,1303253075.0,21162466,21162605
21162605,41.874341,-87.657657,1303253077.0,21162534,21162677
21162677,41.874346,-87.65738,1303253079.0,21162605,21162750
21162750,41.874353,-87.6571,1303253081.0,21162677,21162816
21162816,41.874362,-87.656816,1303253083.0,21162750,21162889
21162889,41.874363,-87.6565,1303253085.0,21162816,21162959
21162959,41.874365,-87.656157,1303253087.0,21162889,21163028
21163028,41.874368,-87.655795,1303253089.0,21162959,21163100
21163100,41.87437,-87.655426,1303253091.0,21163028,21163167
21163167,41.874373,-87.655056,1303253093.0,21163100,21163234
21163234,41.87438,-87.654687,1303253095.0,21163167,21163299
21163299,41.874385,-87.654322,1303253097.0,21163234,21163367
21163367,41.874389,-87.653957,1303253099.0,21163299,21163434
21163434,41.874394,-87.653599,1303253101.0,21163367,21163503
21163503,41.874396,-87.653254,1303253103.0,21163434,21163573
21163573,41.874403,-87.652924,1303253105.0,21163503,21163643
21163643,41.874402,-87.652593,1303253107.0,21163573,21163716
21163716,41.8744,-87.652272,1303253109.0,21163643,21163782
21163782,41.874399,-87.651966,1303253111.0,21163716,21163849
21163849,41.874408,-87.651646,1303253113.0,21163782,21163913
21163913,41.874428,-87.651332,1303253115.0,21163849,21163977
21163977,41.874442,-87.651038,1303253117.0,21163913,21164041
21164041,41.874443,-87.650773,1303253119.0,21163977,21164150
21164150,41.874439,-87.650444,1303253122.0,21164041,21164257
21164257,41.874427,-87.650197,1303253125.0,21164150,21164444
21164444,41.874436,-87.649926,1303253130.0,21164257,21164551
21164551,41.87446,-87.649623,1303253134.0,21164444,21164647
21164647,41.874472,-87.649302,1303253137.0,21164551,21164718
21164718,41.874464,-87.649025,1303253139.0,21164647,21164784
21164784,41.874461,-87.648732,1303253141.0,21164718,21164854
21164854,41.874476,-87.648454,1303253143.0,21164784,21164925
21164925,41.874497,-87.648208,1303253145.0,21164854,21165030
21165030,41.874521,-87.647934,1303253148.0,21164925,21165585
21165585,41.8746,-87.647716,1303253164.0,21165030,21165976
21165976,41.874558,-87.647441,1303253175.0,21165585,21166110
21166110,41.874397,-87.64722,1303253179.0,21165976,21166212
21166212,41.87416,-87.647204,1303253182.0,21166110,21166279
21166279,41.87398,-87.647194,1303253184.0,21166212,21166332
21166332,41.873775,-87.647175,1303253186.0,21166279,21166397
21166397,41.873549,-87.647166,1303253188.0,21166332,21166470
21166470,41.87331,-87.647158,1303253190.0,21166397,21166545
21166545,41.873076,-87.647129,1303253192.0,21166470,21166620
21166620,41.872855,-87.647097,1303253194.0,21166545,21166695
21166695,41.872658,-87.647066,1303253196.0,21166620,21166797
21166797,41.872408,-87.647023,1303253199.0,21166695,21166890
21166890,41.872224,-87.647027,1303253202.0,21166797,None
