43353230,41.867391,-87.64702,1303944508.0,None,43353892
43353892,41.867251,-87.64719,1303944528.0,43353230,43353991
43353991,41.867227,-87.647439,1303944531.0,43353892,43354095
43354095,41.867223,-87.647759,1303944534.0,43353991,43354165
43354165,41.867217,-87.64801,1303944536.0,43354095,43354243
43354243,41.867213,-87.64829,1303944538.0,43354165,43354313
43354313,41.867207,-87.648586,1303944540.0,43354243,43354384
43354384,41.867203,-87.648877,1303944542.0,43354313,43354487
43354487,41.8672,-87.649199,1303944545.0,43354384,43355193
43355193,41.867194,-87.649493,1303944565.0,43354487,43355309
43355309,41.86719,-87.649746,1303944568.0,43355193,43355410
43355410,41.86718,-87.650066,1303944571.0,43355309,43355510
43355510,41.867174,-87.650359,1303944574.0,43355410,43355694
43355694,41.867168,-87.650636,1303944579.0,43355510,43355870
43355870,41.867163,-87.65094,1303944584.0,43355694,43355971
43355971,41.86716,-87.651223,1303944587.0,43355870,43356086
43356086,41.867155,-87.651545,1303944590.0,43355971,43356197
43356197,41.867151,-87.651894,1303944593.0,43356086,43356309
43356309,41.867149,-87.65225,1303944596.0,43356197,43356420
43356420,41.867146,-87.652547,1303944599.0,43356309,43356628
43356628,41.86714,-87.652805,1303944605.0,43356420,43357042
43357042,41.867133,-87.653052,1303944616.0,43356628,43357187
43357187,41.867122,-87.653375,1303944620.0,43357042,43357290
43357290,41.867115,-87.653711,1303944623.0,43357187,43357359
43357359,41.86711,-87.653963,1303944625.0,43357290,43357432
43357432,41.867109,-87.654215,1303944627.0,43357359,43357510
43357510,41.867107,-87.654459,1303944629.0,43357432,43357581
43357581,41.867106,-87.654703,1303944631.0,43357510,43357690
43357690,41.867101,-87.655058,1303944634.0,43357581,43357758
43357758,41.867099,-87.655308,1303944636.0,43357690,43357829
43357829,41.867096,-87.655553,1303944638.0,43357758,43357944
43357944,41.86709,-87.655901,1303944641.0,43357829,43358053
43358053,41.867087,-87.656167,1303944644.0,43357944,43358357
43358357,41.867087,-87.656413,1303944652.0,43358053,43359092
43359092,41.867085,-87.656723,1303944672.0,43358357,43359195
43359195,41.867081,-87.657024,1303944675.0,43359092,43359295
43359295,41.867079,-87.657395,1303944678.0,43359195,43359367
43359367,41.867074,-87.657678,1303944680.0,43359295,43359450
43359450,41.867069,-87.657978,1303944682.0,43359367,43359524
43359524,41.867063,-87.658285,1303944684.0,43359450,43359600
43359600,41.867058,-87.658594,1303944686.0,43359524,43359679
43359679,41.867054,-87.658901,1303944688.0,43359600,43359756
43359756,41.867048,-87.659208,1303944690.0,43359679,43359829
43359829,41.867042,-87.659517,1303944692.0,43359756,43359896
43359896,41.867038,-87.659821,1303944694.0,43359829,43359962
43359962,41.867032,-87.660112,1303944696.0,43359896,43360027
43360027,41.867027,-87.660383,1303944698.0,43359962,43360119
43360119,41.867022,-87.660706,1303944701.0,43360027,43360235
43360235,41.867018,-87.660955,1303944704.0,43360119,43360424
43360424,41.867008,-87.661217,1303944709.0,43360235,43361349
43361349,41.867001,-87.661499,1303944735.0,43360424,43361454
43361454,41.866999,-87.661745,1303944738.0,43361349,43361558
43361558,41.866993,-87.662073,1303944741.0,43361454,43361630
43361630,41.86699,-87.662328,1303944743.0,43361558,43361705
43361705,41.866987,-87.662597,1303944745.0,43361630,43361780
43361780,41.866985,-87.662871,1303944747.0,43361705,43361856
43361856,41.86698,-87.663151,1303944749.0,43361780,43361931
43361931,41.866975,-87.663431,1303944751.0,43361856,43362010
43362010,41.86697,-87.663717,1303944753.0,43361931,43362078
43362078,41.866963,-87.664008,1303944755.0,43362010,43362141
43362141,41.866956,-87.664294,1303944757.0,43362078,43362213
43362213,41.866951,-87.66457,1303944759.0,43362141,43362290
43362290,41.866946,-87.664837,1303944761.0,43362213,43362366
43362366,41.866945,-87.665094,1303944763.0,43362290,43362476
43362476,41.866941,-87.665442,1303944766.0,43362366,43362587
43362587,41.866937,-87.665714,1303944769.0,43362476,43363358
43363358,41.866937,-87.665966,1303944790.0,43362587,43363539
43363539,41.866938,-87.66626,1303944795.0,43363358,43363657
43363657,41.866939,-87.666561,1303944798.0,43363539,43363763
43363763,41.866943,-87.666928,1303944801.0,43363657,43363839
43363839,41.866942,-87.667204,1303944803.0,43363763,43363912
43363912,41.866943,-87.667498,1303944805.0,43363839,43363980
43363980,41.866947,-87.667785,1303944807.0,43363912,43364049
43364049,41.866951,-87.66806,1303944809.0,43363980,43364108
43364108,41.866957,-87.668305,1303944811.0,43364049,43364158
43364158,41.866964,-87.668561,1303944814.0,43364108,43365069
43365069,41.866985,-87.668818,1303944840.0,43364158,43365249
43365249,41.86715,-87.668921,1303944845.0,43365069,43365350
43365350,41.86733,-87.668917,1303944848.0,43365249,43365460
43365460,41.867555,-87.668922,1303944851.0,43365350,43365574
43365574,41.867804,-87.668932,1303944854.0,43365460,43365684
43365684,41.868068,-87.668937,1303944857.0,43365574,43365746
43365746,41.868249,-87.668946,1303944859.0,43365684,43365813
43365813,41.868431,-87.668952,1303944861.0,43365746,43365881
43365881,41.868615,-87.668954,1303944863.0,43365813,43365990
43365990,41.868861,-87.668964,1303944866.0,43365881,43366093
43366093,41.869043,-87.668967,1303944869.0,43365990,43366432
43366432,41.869221,-87.669027,1303944878.0,43366093,43366554
43366554,41.869263,-87.669264,1303944882.0,43366432,43366653
43366653,41.869249,-87.669526,1303944885.0,43366554,43366751
43366751,41.86923,-87.669818,1303944888.0,43366653,43366861
43366861,41.869222,-87.670126,1303944891.0,43366751,43366973
43366973,41.869223,-87.670452,1303944894.0,43366861,43367085
43367085,41.869229,-87.670772,1303944897.0,43366973,43367193
43367193,41.869231,-87.671057,1303944900.0,43367085,43367473
43367473,41.869228,-87.671304,1303944908.0,43367193,43367682
43367682,41.869253,-87.6716,1303944914.0,43367473,43367790
43367790,41.869244,-87.671867,1303944917.0,43367682,43367902
43367902,41.869245,-87.672205,1303944920.0,43367790,43367998
43367998,41.869249,-87.672566,1303944923.0,43367902,43368074
43368074,41.869248,-87.672811,1303944925.0,43367998,43368188
43368188,41.869246,-87.673154,1303944928.0,43368074,43368289
43368289,41.869232,-87.673414,1303944931.0,43368188,43368501
43368501,41.869272,-87.673657,1303944937.0,43368289,43368647
43368647,41.869464,-87.673704,1303944941.0,43368501,43368752
43368752,41.869682,-87.673713,1303944944.0,43368647,43368863
43368863,41.869893,-87.673765,1303944947.0,43368752,43368968
43368968,41.87011,-87.673809,1303944950.0,43368863,43369070
43369070,41.870365,-87.673804,1303944953.0,43368968,43369186
43369186,41.870598,-87.673791,1303944956.0,43369070,43369296
43369296,41.870835,-87.673778,1303944959.0,43369186,43369407
43369407,41.871058,-87.673775,1303944962.0,43369296,43369509
43369509,41.871238,-87.673775,1303944965.0,43369407,43370202
43370202,41.87142,-87.673717,1303944985.0,43369509,43370440
43370440,41.871441,-87.673456,1303944992.0,43370202,43371116
43371116,41.871453,-87.673052,1303945019.0,43370440,43371216
43371216,41.871458,-87.672742,1303945022.0,43371116,43371281
43371281,41.871471,-87.672499,1303945024.0,43371216,43371351
43371351,41.871484,-87.672226,1303945026.0,43371281,43371418
43371418,41.871497,-87.671927,1303945028.0,43371351,43371490
43371490,41.871515,-87.671606,1303945030.0,43371418,43371554
43371554,41.871521,-87.671269,1303945032.0,43371490,43371611
43371611,41.87153,-87.670938,1303945034.0,43371554,43371691
43371691,41.871537,-87.670637,1303945036.0,43371611,43371802
43371802,41.871544,-87.670308,1303945039.0,43371691,43372290
43372290,41.87155,-87.670036,1303945053.0,43371802,43372439
43372439,41.871558,-87.669763,1303945057.0,43372290,43372589
43372589,41.871554,-87.669481,1303945061.0,43372439,43373003
43373003,41.871566,-87.669234,1303945073.0,43372589,43373292
43373292,41.871396,-87.669051,1303945081.0,43373003,43373385
43373385,41.871197,-87.669042,1303945084.0,43373292,43373494
43373494,41.870941,-87.669031,1303945087.0,43373385,43373563
43373563,41.870746,-87.669021,1303945089.0,43373494,43373640
43373640,41.87055,-87.669009,1303945091.0,43373563,43373710
43373710,41.87036,-87.668999,1303945093.0,43373640,43373780
43373780,41.870175,-87.668995,1303945095.0,43373710,43373847
43373847,41.869995,-87.668991,1303945097.0,43373780,43373951
43373951,41.869739,-87.668977,1303945100.0,43373847,43374053
43374053,41.869548,-87.668971,1303945103.0,43373951,43374354
43374354,41.869365,-87.66896,1303945111.0,43374053,43374803
43374803,41.869134,-87.668954,1303945124.0,43374354,43374913
43374913,41.868932,-87.668952,1303945127.0,43374803,43375002
43375002,41.868684,-87.668939,1303945130.0,43374913,43375062
43375062,41.868415,-87.668933,1303945133.0,43375002,43375125
43375125,41.868228,-87.668932,1303945135.0,43375062,43375189
43375189,41.868028,-87.668935,1303945137.0,43375125,43375251
43375251,41.867831,-87.668929,1303945139.0,43375189,43375312
43375312,41.867642,-87.668923,1303945141.0,43375251,43375407
43375407,41.86739,-87.668918,1303945144.0,43375312,43375535
43375535,41.867191,-87.668923,1303945148.0,43375407,None
