49536542,41.867193,-87.649259,1302982194.0,None,49536810
49536810,41.867188,-87.649519,1302982203.0,49536542,49536901
49536901,41.867185,-87.649807,1302982206.0,49536810,49536991
49536991,41.867182,-87.650158,1302982209.0,49536901,49537083
49537083,41.867178,-87.650499,1302982212.0,49536991,49537169
49537169,41.867175,-87.650801,1302982215.0,49537083,49537306
49537306,41.867287,-87.651015,1302982219.0,49537169,49537404
49537404,41.867474,-87.651019,1302982222.0,49537306,49537501
49537501,41.867717,-87.651022,1302982225.0,49537404,49537581
49537581,41.867977,-87.651028,1302982228.0,49537501,49537665
49537665,41.868245,-87.651034,1302982231.0,49537581,49537730
49537730,41.868427,-87.651039,1302982233.0,49537665,49537800
49537800,41.868614,-87.651043,1302982235.0,49537730,49537870
49537870,41.868794,-87.651044,1302982237.0,49537800,49537973
49537973,41.869041,-87.651056,1302982240.0,49537870,49538093
49538093,41.869254,-87.651098,1302982244.0,49537973,49538742
49538742,41.869448,-87.651137,1302982264.0,49538093,49538870
49538870,41.869544,-87.651362,1302982268.0,49538742,49539352
49539352,41.869518,-87.651621,1302982282.0,49538870,49539480
49539480,41.869503,-87.651923,1302982286.0,49539352,49539590
49539590,41.869494,-87.652232,1302982289.0,49539480,49539691
49539691,41.869491,-87.652551,1302982292.0,49539590,49539796
49539796,41.86949,-87.652871,1302982295.0,49539691,49539905
49539905,41.869491,-87.65318,1302982298.0,49539796,49540007
49540007,41.869502,-87.65348,1302982301.0,49539905,49540110
49540110,41.869503,-87.653761,1302982304.0,49540007,49540324
49540324,41.869503,-87.654004,1302982310.0,49540110,49540570
49540570,41.86949,-87.654281,1302982317.0,49540324,49540705
49540705,41.869475,-87.654604,1302982321.0,49540570,49540812
49540812,41.869464,-87.65491,1302982324.0,49540705,49540922
49540922,41.869459,-87.655223,1302982327.0,49540812,49541041
49541041,41.869453,-87.655536,1302982330.0,49540922,49541148
49541148,41.869444,-87.655857,1302982333.0,49541041,49541248
49541248,41.869445,-87.656188,1302982336.0,49541148,49541355
49541355,41.869448,-87.656537,1302982339.0,49541248,49541432
49541432,41.869445,-87.656784,1302982341.0,49541355,49541510
49541510,41.869438,-87.657036,1302982343.0,49541432,49541542
49541542,41.869432,-87.65729,1302982345.0,49541510,49541549
49541549,41.86943,-87.657539,1302982347.0,49541542,49541558
49541558,41.869428,-87.657788,1302982349.0,49541549,49541569
49541569,41.869425,-87.658038,1302982351.0,49541558,49541581
49541581,41.869418,-87.658295,1302982353.0,49541569,49541595
49541595,41.869414,-87.65856,1302982355.0,49541581,49541610
49541610,41.869409,-87.658832,1302982357.0,49541595,49541626
49541626,41.869407,-87.659105,1302982359.0,49541610,49541643
49541643,41.869403,-87.659372,1302982361.0,49541626,49541661
49541661,41.869398,-87.659635,1302982363.0,49541643,49541680
49541680,41.869395,-87.659897,1302982365.0,49541661,49541700
49541700,41.869387,-87.660156,1302982367.0,49541680,49541720
49541720,41.869381,-87.660405,1302982369.0,49541700,49541742
49541742,41.869379,-87.660647,1302982371.0,49541720,49541764
49541764,41.869377,-87.660892,1302982373.0,49541742,49541787
49541787,41.869375,-87.661138,1302982375.0,49541764,49541811
49541811,41.869375,-87.661384,1302982377.0,49541787,49541835
49541835,41.869371,-87.661634,1302982379.0,49541811,49541860
49541860,41.869364,-87.661877,1302982381.0,49541835,49541899
49541899,41.869349,-87.662228,1302982384.0,49541860,49541939
49541939,41.869341,-87.662561,1302982387.0,49541899,49541981
49541981,41.869335,-87.662851,1302982390.0,49541939,49542023
49542023,41.869323,-87.663112,1302982393.0,49541981,49542068
49542068,41.869317,-87.663363,1302982396.0,49542023,49542125
49542125,41.86931,-87.66361,1302982400.0,49542068,49542236
49542236,41.869307,-87.663871,1302982407.0,49542125,49542422
49542422,41.869305,-87.664152,1302982418.0,49542236,49542475
49542475,41.869303,-87.664428,1302982421.0,49542422,49542527
49542527,41.869297,-87.664751,1302982424.0,49542475,49542585
49542585,41.86929,-87.665109,1302982427.0,49542527,49542624
49542624,41.869286,-87.665358,1302982429.0,49542585,49542658
49542658,41.869283,-87.665611,1302982431.0,49542624,49542696
49542696,41.869284,-87.665858,1302982433.0,49542658,49542733
49542733,41.869285,-87.666109,1302982435.0,49542696,49542773
49542773,41.869283,-87.666375,1302982437.0,49542733,49542813
49542813,41.869279,-87.666638,1302982439.0,49542773,49542852
49542852,41.869271,-87.6669,1302982441.0,49542813,49542893
49542893,41.869258,-87.667164,1302982443.0,49542852,49542932
49542932,41.869252,-87.667426,1302982445.0,49542893,49542974
49542974,41.869252,-87.667683,1302982447.0,49542932,49543017
49543017,41.869248,-87.667932,1302982449.0,49542974,49543058
49543058,41.869246,-87.668175,1302982451.0,49543017,49543120
49543120,41.869244,-87.668508,1302982454.0,49543058,49543205
49543205,41.869241,-87.668771,1302982458.0,49543120,49543359
49543359,41.86924,-87.669076,1302982465.0,49543205,49543427
49543427,41.869231,-87.66935,1302982468.0,49543359,49543481
49543481,41.869238,-87.669641,1302982471.0,49543427,49543526
49543526,41.869247,-87.669941,1302982474.0,49543481,49543584
49543584,41.869219,-87.670265,1302982477.0,49543526,49543632
49543632,41.869233,-87.670622,1302982480.0,49543584,49543691
49543691,41.869237,-87.670949,1302982483.0,49543632,49543777
49543777,41.869245,-87.671216,1302982487.0,49543691,49543949
49543949,41.869276,-87.67149,1302982494.0,49543777,49544042
49544042,41.869274,-87.671739,1302982498.0,49543949,49544113
49544113,41.869228,-87.672074,1302982501.0,49544042,49544164
49544164,41.869231,-87.672354,1302982503.0,49544113,49544217
49544217,41.869227,-87.672618,1302982505.0,49544164,49544295
49544295,41.86922,-87.672969,1302982508.0,49544217,49544369
49544369,41.869212,-87.673264,1302982511.0,49544295,49544493
49544493,41.869226,-87.673505,1302982516.0,49544369,49544600
49544600,41.869217,-87.67379,1302982520.0,49544493,49544675
49544675,41.869204,-87.674083,1302982523.0,49544600,49544748
49544748,41.869197,-87.674424,1302982526.0,49544675,49544804
49544804,41.869192,-87.674674,1302982528.0,49544748,49544856
49544856,41.869186,-87.674925,1302982530.0,49544804,49544934
49544934,41.869188,-87.675275,1302982533.0,49544856,49545010
49545010,41.869203,-87.675559,1302982536.0,49544934,49545563
49545563,41.869193,-87.675824,1302982556.0,49545010,49545705
49545705,41.869167,-87.676092,1302982561.0,49545563,49545784
49545784,41.869156,-87.676363,1302982564.0,49545705,49545869
49545869,41.869145,-87.676678,1302982567.0,49545784,49545959
49545959,41.869134,-87.677032,1302982570.0,49545869,49546017
49546017,41.86913,-87.677283,1302982572.0,49545959,49546074
49546074,41.869126,-87.677546,1302982574.0,49546017,49546133
49546133,41.869122,-87.677816,1302982576.0,49546074,49546191
49546191,41.869117,-87.678087,1302982578.0,49546133,49546250
49546250,41.869111,-87.678357,1302982580.0,49546191,49546307
49546307,41.869105,-87.678625,1302982582.0,49546250,49546367
49546367,41.869101,-87.678894,1302982584.0,49546307,49546422
49546422,41.869099,-87.679155,1302982586.0,49546367,49546483
49546483,41.869095,-87.6794,1302982588.0,49546422,49546576
49546576,41.869092,-87.679743,1302982591.0,49546483,49546668
49546668,41.869093,-87.680058,1302982594.0,49546576,49546754
49546754,41.869097,-87.680301,1302982597.0,49546668,49547338
49547338,41.869091,-87.680577,1302982616.0,49546754,49547434
49547434,41.869088,-87.680981,1302982621.0,49547338,49547444
49547444,41.869079,-87.681298,1302982624.0,49547434,49547528
49547528,41.869066,-87.681651,1302982627.0,49547444,49547533
49547533,41.869056,-87.681894,1302982629.0,49547528,49547541
49547541,41.869049,-87.682142,1302982631.0,49547533,49547551
49547551,41.869046,-87.682389,1302982633.0,49547541,49547569
49547569,41.869041,-87.682738,1302982636.0,49547551,49547589
49547589,41.869045,-87.683054,1302982639.0,49547569,49547613
49547613,41.869044,-87.683311,1302982642.0,49547589,49547786
49547786,41.869032,-87.683596,1302982659.0,49547613,49547834
49547834,41.86901,-87.683897,1302982663.0,49547786,49547873
49547873,41.868999,-87.684199,1302982666.0,49547834,49547912
49547912,41.868989,-87.684494,1302982669.0,49547873,49547968
49547968,41.868978,-87.684747,1302982673.0,49547912,49548055
49548055,41.868963,-87.685018,1302982679.0,49547968,49548100
49548100,41.868956,-87.685282,1302982682.0,49548055,49548147
49548147,41.868959,-87.685572,1302982685.0,49548100,49548194
49548194,41.868956,-87.685821,1302982688.0,49548147,49548283
49548283,41.869004,-87.686065,1302982694.0,49548194,49548334
49548334,41.869183,-87.686094,1302982697.0,49548283,49548389
49548389,41.869436,-87.686079,1302982700.0,49548334,49548420
49548420,41.86962,-87.68608,1302982702.0,49548389,49548455
49548455,41.869811,-87.686083,1302982704.0,49548420,49548492
49548492,41.870005,-87.686092,1302982706.0,49548455,49548512
49548512,41.8702,-87.686104,1302982708.0,49548492,49548550
49548550,41.870398,-87.686107,1302982710.0,49548512,49548585
49548585,41.870599,-87.686115,1302982712.0,49548550,49548623
49548623,41.870802,-87.686124,1302982714.0,49548585,49548661
49548661,41.871007,-87.686125,1302982716.0,49548623,49548701
49548701,41.871213,-87.68612,1302982718.0,49548661,49548740
49548740,41.871422,-87.686123,1302982720.0,49548701,49548779
49548779,41.871633,-87.686133,1302982722.0,49548740,49548817
49548817,41.871845,-87.68614,1302982724.0,49548779,49548857
49548857,41.872054,-87.686147,1302982726.0,49548817,49548899
49548899,41.872261,-87.686158,1302982728.0,49548857,49548939
49548939,41.872469,-87.686164,1302982730.0,49548899,49548983
49548983,41.872672,-87.686169,1302982732.0,49548939,49549024
49549024,41.872869,-87.686172,1302982734.0,49548983,49549065
49549065,41.873059,-87.686173,1302982736.0,49549024,49549129
49549129,41.87332,-87.686174,1302982739.0,49549065,49549196
49549196,41.873549,-87.686184,1302982742.0,49549129,49549282
49549282,41.873732,-87.686207,1302982746.0,49549196,49549436
49549436,41.873876,-87.686035,1302982753.0,49549282,49549500
49549500,41.873902,-87.685708,1302982757.0,49549436,49549570
49549570,41.873923,-87.685297,1302982761.0,49549500,49549624
49549624,41.873933,-87.684967,1302982764.0,49549570,49549675
49549675,41.873938,-87.684626,1302982767.0,49549624,49549736
49549736,41.873943,-87.684305,1302982770.0,49549675,49549803
49549803,41.873927,-87.683989,1302982773.0,49549736,49549870
49549870,41.873932,-87.683632,1302982776.0,49549803,49549917
49549917,41.87394,-87.68337,1302982778.0,49549870,49549963
49549963,41.873945,-87.683097,1302982780.0,49549917,49550016
49550016,41.873953,-87.682825,1302982782.0,49549963,49550070
49550070,41.873958,-87.682568,1302982784.0,49550016,49550121
49550121,41.873964,-87.682323,1302982786.0,49550070,49550192
49550192,41.873967,-87.68198,1302982789.0,49550121,49550266
49550266,41.87397,-87.68168,1302982792.0,49550192,49550427
49550427,41.873981,-87.681404,1302982798.0,49550266,None
