43051242,41.869414,-87.647076,1303930775.0,None,43051383
43051383,41.869167,-87.647091,1303930779.0,43051242,43051496
43051496,41.868934,-87.647084,1303930782.0,43051383,43051563
43051563,41.868754,-87.647079,1303930784.0,43051496,43051638
43051638,41.868559,-87.647077,1303930786.0,43051563,43051703
43051703,41.868368,-87.647073,1303930788.0,43051638,43051768
43051768,41.868186,-87.647074,1303930790.0,43051703,43051850
43051850,41.867933,-87.647082,1303930793.0,43051768,43051938
43051938,41.867722,-87.647085,1303930796.0,43051850,43052649
43052649,41.867535,-87.647084,1303930817.0,43051938,43053668
43053668,41.867347,-87.647071,1303930846.0,43052649,43054021
43054021,41.86722,-87.647258,1303930856.0,43053668,43054152
43054152,41.867209,-87.647556,1303930860.0,43054021,43054260
43054260,41.867204,-87.647822,1303930863.0,43054152,43054366
43054366,41.867201,-87.648098,1303930866.0,43054260,43054480
43054480,41.867198,-87.648378,1303930869.0,43054366,43054589
43054589,41.867194,-87.648639,1303930872.0,43054480,43054728
43054728,41.86719,-87.648953,1303930876.0,43054589,43054968
43054968,41.867189,-87.649195,1303930883.0,43054728,43055393
43055393,41.867185,-87.649461,1303930895.0,43054968,43055496
43055496,41.86718,-87.649725,1303930898.0,43055393,43055595
43055595,41.86717,-87.650054,1303930901.0,43055496,43055702
43055702,41.867166,-87.650385,1303930904.0,43055595,43055807
43055807,41.86716,-87.650701,1303930907.0,43055702,43055903
43055903,41.867153,-87.65101,1303930910.0,43055807,43056014
43056014,41.867149,-87.651317,1303930913.0,43055903,43056131
43056131,41.867144,-87.651643,1303930916.0,43056014,43056239
43056239,41.867141,-87.651932,1303930919.0,43056131,43056386
43056386,41.867135,-87.652246,1303930923.0,43056239,43056530
43056530,41.867132,-87.652533,1303930927.0,43056386,43056631
43056631,41.86713,-87.652787,1303930930.0,43056530,43056730
43056730,41.867124,-87.653084,1303930933.0,43056631,43056825
43056825,41.867115,-87.653424,1303930936.0,43056730,43056902
43056902,41.867109,-87.653674,1303930938.0,43056825,43056979
43056979,41.867104,-87.653938,1303930940.0,43056902,43057057
43057057,41.867099,-87.654216,1303930942.0,43056979,43057135
43057135,41.867096,-87.654505,1303930944.0,43057057,43057210
43057210,41.867092,-87.654797,1303930946.0,43057135,43057280
43057280,41.867088,-87.655094,1303930948.0,43057210,43057340
43057340,41.867085,-87.655395,1303930950.0,43057280,43057410
43057410,41.867081,-87.655704,1303930952.0,43057340,43057479
43057479,41.867076,-87.656016,1303930954.0,43057410,43057550
43057550,41.867068,-87.65633,1303930956.0,43057479,43057621
43057621,41.867059,-87.656644,1303930958.0,43057550,43057693
43057693,41.86705,-87.656959,1303930960.0,43057621,43057735
43057735,41.867044,-87.657279,1303930962.0,43057693,43057813
43057813,41.867038,-87.657599,1303930964.0,43057735,43057893
43057893,41.867033,-87.657918,1303930966.0,43057813,43057965
43057965,41.867028,-87.65824,1303930968.0,43057893,43058033
43058033,41.867023,-87.658561,1303930970.0,43057965,43058097
43058097,41.867019,-87.658871,1303930972.0,43058033,43058165
43058165,41.867013,-87.65918,1303930974.0,43058097,43058228
43058228,41.867008,-87.659493,1303930976.0,43058165,43058295
43058295,41.867002,-87.659808,1303930978.0,43058228,43058369
43058369,41.866997,-87.660124,1303930980.0,43058295,43058441
43058441,41.866993,-87.660442,1303930982.0,43058369,43058522
43058522,41.866989,-87.660759,1303930984.0,43058441,43058598
43058598,41.866985,-87.661077,1303930986.0,43058522,43058671
43058671,41.866981,-87.661397,1303930988.0,43058598,43058728
43058728,41.866975,-87.661718,1303930990.0,43058671,43058802
43058802,41.86697,-87.662043,1303930992.0,43058728,43058876
43058876,41.866963,-87.662369,1303930994.0,43058802,43058955
43058955,41.866957,-87.662696,1303930996.0,43058876,43059016
43059016,41.866953,-87.663022,1303930998.0,43058955,43059089
43059089,41.866948,-87.663344,1303931000.0,43059016,43059167
43059167,41.86694,-87.663663,1303931002.0,43059089,43059236
43059236,41.866934,-87.66397,1303931004.0,43059167,43059306
43059306,41.866928,-87.66426,1303931006.0,43059236,43059375
43059375,41.866923,-87.664519,1303931008.0,43059306,43059476
43059476,41.866916,-87.664853,1303931011.0,43059375,43059587
43059587,41.866911,-87.665161,1303931014.0,43059476,43059698
43059698,41.866907,-87.665417,1303931017.0,43059587,43059962
43059962,41.866908,-87.665668,1303931024.0,43059698,43060140
43060140,41.866905,-87.665972,1303931029.0,43059962,43060253
43060253,41.866906,-87.666271,1303931032.0,43060140,43060355
43060355,41.866907,-87.666626,1303931035.0,43060253,43060430
43060430,41.866908,-87.666879,1303931037.0,43060355,43060505
43060505,41.866909,-87.667135,1303931039.0,43060430,43060574
43060574,41.866909,-87.667392,1303931041.0,43060505,43060639
43060639,41.866909,-87.667651,1303931043.0,43060574,43060718
43060718,41.866912,-87.668043,1303931046.0,43060639,43060723
43060723,41.866916,-87.668293,1303931048.0,43060718,43060736
43060736,41.866925,-87.668632,1303931051.0,43060723,43060755
43060755,41.866979,-87.668893,1303931055.0,43060736,43060905
43060905,41.867182,-87.668925,1303931072.0,43060755,43060936
43060936,41.867366,-87.668933,1303931075.0,43060905,43060971
43060971,41.867603,-87.668942,1303931078.0,43060936,43061007
43061007,41.867867,-87.668948,1303931081.0,43060971,43061030
43061030,41.868055,-87.668951,1303931083.0,43061007,43061056
43061056,41.868252,-87.66895,1303931085.0,43061030,43061080
43061080,41.868448,-87.668959,1303931087.0,43061056,43061101
43061101,41.868641,-87.66896,1303931089.0,43061080,43061145
43061145,41.868899,-87.668963,1303931092.0,43061101,43061200
43061200,41.869094,-87.668969,1303931096.0,43061145,43061415
43061415,41.869247,-87.669123,1303931110.0,43061200,43061482
43061482,41.869239,-87.669416,1303931114.0,43061415,43061532
43061532,41.869237,-87.669668,1303931117.0,43061482,43061584
43061584,41.869226,-87.669958,1303931120.0,43061532,43061638
43061638,41.869211,-87.670254,1303931123.0,43061584,43061692
43061692,41.86922,-87.670534,1303931126.0,43061638,43061746
43061746,41.869215,-87.670779,1303931129.0,43061692,43061842
43061842,41.869208,-87.671044,1303931134.0,43061746,43062396
43062396,41.869204,-87.671289,1303931162.0,43061842,43062499
43062499,41.869224,-87.671572,1303931168.0,43062396,43062569
43062569,41.869219,-87.671842,1303931171.0,43062499,43062637
43062637,41.869213,-87.672166,1303931174.0,43062569,43062703
43062703,41.869213,-87.67253,1303931177.0,43062637,43062749
43062749,41.869204,-87.672775,1303931179.0,43062703,43062818
43062818,41.869197,-87.673096,1303931182.0,43062749,43062892
43062892,41.869184,-87.67338,1303931185.0,43062818,43063105
43063105,41.86921,-87.673638,1303931194.0,43062892,43063254
43063254,41.869407,-87.673756,1303931200.0,43063105,43063351
43063351,41.869637,-87.67383,1303931204.0,43063254,43063425
43063425,41.869869,-87.673835,1303931207.0,43063351,43063490
43063490,41.870092,-87.673823,1303931210.0,43063425,43063532
43063532,41.870284,-87.673829,1303931213.0,43063490,43063540
43063540,41.870524,-87.673831,1303931217.0,43063532,None
