63512674,41.871641,-87.673678,1303859650.0,None,63513456
63513456,41.871673,-87.6734,1303859675.0,63512674,63513589
63513589,41.87167,-87.673111,1303859679.0,63513456,63513713
63513713,41.871671,-87.672811,1303859683.0,63513589,63513838
63513838,41.871656,-87.672505,1303859687.0,63513713,63513971
63513971,41.871652,-87.672238,1303859691.0,63513838,63514108
63514108,41.871676,-87.671992,1303859695.0,63513971,63514208
63514208,41.87167,-87.671745,1303859698.0,63514108,63514341
63514341,41.871683,-87.671452,1303859702.0,63514208,63514470
63514470,41.871681,-87.671143,1303859706.0,63514341,63514612
63514612,41.871667,-87.670849,1303859710.0,63514470,63514757
63514757,41.871675,-87.670607,1303859714.0,63514612,63514885
63514885,41.871694,-87.670333,1303859718.0,63514757,63515009
63515009,41.871693,-87.670091,1303859722.0,63514885,63515122
63515122,41.871704,-87.669812,1303859728.0,63515009,63515165
63515165,41.871591,-87.669579,1303859736.0,63515122,63515195
63515195,41.871374,-87.669515,1303859740.0,63515165,63515220
63515220,41.871178,-87.669463,1303859743.0,63515195,63515247
63515247,41.870978,-87.669373,1303859746.0,63515220,63515277
63515277,41.870774,-87.669271,1303859749.0,63515247,63515308
63515308,41.870572,-87.669199,1303859752.0,63515277,63515341
63515341,41.870382,-87.669152,1303859755.0,63515308,63515376
63515376,41.870197,-87.669116,1303859758.0,63515341,63515424
63515424,41.869965,-87.669103,1303859762.0,63515376,63515476
63515476,41.869744,-87.669079,1303859766.0,63515424,63515544
63515544,41.869536,-87.669072,1303859771.0,63515476,63515688
63515688,41.86934,-87.669052,1303859781.0,63515544,63515764
63515764,41.869108,-87.66903,1303859786.0,63515688,63515831
63515831,41.868881,-87.669009,1303859790.0,63515764,63515896
63515896,41.868653,-87.66899,1303859794.0,63515831,63515949
63515949,41.868469,-87.668981,1303859797.0,63515896,63515999
63515999,41.868282,-87.668968,1303859800.0,63515949,63516054
63516054,41.868082,-87.668966,1303859803.0,63515999,63516108
63516108,41.867889,-87.668959,1303859806.0,63516054,63516181
63516181,41.867655,-87.668955,1303859810.0,63516108,63516254
63516254,41.867465,-87.66895,1303859814.0,63516181,63516369
63516369,41.86727,-87.668947,1303859820.0,63516254,63516656
63516656,41.867078,-87.668931,1303859835.0,63516369,63516679
63516679,41.866875,-87.668874,1303859841.0,63516656,63516712
63516712,41.86682,-87.668633,1303859846.0,63516679,63516744
63516744,41.866806,-87.668352,1303859850.0,63516712,63516780
63516780,41.866804,-87.668046,1303859854.0,63516744,63516820
63516820,41.866806,-87.667748,1303859858.0,63516780,63516863
63516863,41.866806,-87.667456,1303859862.0,63516820,63516909
63516909,41.866806,-87.667214,1303859866.0,63516863,63517022
63517022,41.866805,-87.666967,1303859875.0,63516909,63517334
63517334,41.866809,-87.666705,1303859896.0,63517022,63517383
63517383,41.866812,-87.666452,1303859899.0,63517334,63517434
63517434,41.866817,-87.666131,1303859902.0,63517383,63517468
63517468,41.866823,-87.665884,1303859904.0,63517434,63517502
63517502,41.866829,-87.665615,1303859906.0,63517468,63517538
63517538,41.866837,-87.665326,1303859908.0,63517502,63517574
63517574,41.866843,-87.665028,1303859910.0,63517538,63517610
63517610,41.866847,-87.664727,1303859912.0,63517574,63517646
63517646,41.866847,-87.664428,1303859914.0,63517610,63517683
63517683,41.866847,-87.664129,1303859916.0,63517646,63517721
63517721,41.866852,-87.663838,1303859918.0,63517683,63517759
63517759,41.866859,-87.66355,1303859920.0,63517721,63517797
63517797,41.866865,-87.663276,1303859922.0,63517759,63517835
63517835,41.866869,-87.663009,1303859924.0,63517797,63517875
63517875,41.866871,-87.662767,1303859926.0,63517835,63517931
63517931,41.866871,-87.66247,1303859929.0,63517875,63518012
63518012,41.866867,-87.662204,1303859933.0,63517931,63518155
63518155,41.866881,-87.66196,1303859940.0,63518012,63518237
63518237,41.866903,-87.661657,1303859944.0,63518155,63518303
63518303,41.866915,-87.661334,1303859947.0,63518237,63518344
63518344,41.866919,-87.661088,1303859949.0,63518303,63518389
63518389,41.866922,-87.660827,1303859951.0,63518344,63518433
63518433,41.866924,-87.66056,1303859953.0,63518389,63518461
63518461,41.866926,-87.660294,1303859955.0,63518433,63518485
63518485,41.866931,-87.66003,1303859957.0,63518461,63518523
63518523,41.866936,-87.659766,1303859959.0,63518485,63518560
63518560,41.86694,-87.659498,1303859961.0,63518523,63518590
63518590,41.866943,-87.659223,1303859963.0,63518560,63518608
63518608,41.866947,-87.658949,1303859965.0,63518590,63518644
63518644,41.866951,-87.658683,1303859967.0,63518608,63518682
63518682,41.866954,-87.658434,1303859969.0,63518644,63518735
63518735,41.866957,-87.658093,1303859972.0,63518682,63518800
63518800,41.86696,-87.657793,1303859975.0,63518735,63518901
63518901,41.866961,-87.657487,1303859979.0,63518800,63519034
63519034,41.866962,-87.657239,1303859985.0,63518901,63519435
63519435,41.86697,-87.656923,1303860002.0,63519034,63519507
63519507,41.866977,-87.656659,1303860005.0,63519435,63519586
63519586,41.86698,-87.656349,1303860008.0,63519507,63519655
63519655,41.866978,-87.656023,1303860011.0,63519586,63519737
63519737,41.866984,-87.655696,1303860014.0,63519655,63519813
63519813,41.866992,-87.65537,1303860017.0,63519737,63519876
63519876,41.866997,-87.655044,1303860020.0,63519813,63519956
63519956,41.867,-87.654734,1303860023.0,63519876,63520044
63520044,41.867006,-87.654462,1303860026.0,63519956,63520153
63520153,41.867012,-87.654156,1303860030.0,63520044,63520328
63520328,41.867028,-87.653873,1303860037.0,63520153,63520438
63520438,41.86704,-87.653556,1303860041.0,63520328,63520522
63520522,41.867046,-87.653247,1303860044.0,63520438,63520603
63520603,41.867056,-87.65291,1303860047.0,63520522,63520691
63520691,41.86706,-87.652582,1303860050.0,63520603,63520772
63520772,41.867066,-87.652309,1303860053.0,63520691,63520883
63520883,41.867073,-87.652016,1303860057.0,63520772,63521141
63521141,41.86708,-87.651762,1303860066.0,63520883,63521282
63521282,41.867117,-87.651518,1303860071.0,63521141,63521452
63521452,41.86712,-87.651262,1303860077.0,63521282,None
