24775093,41.86907,-87.68343,1303877270.0,None,24775190
24775190,41.86907,-87.683742,1303877274.0,24775093,24775236
24775236,41.869047,-87.684004,1303877276.0,24775190,24775282
24775282,41.869034,-87.684281,1303877278.0,24775236,24775325
24775325,41.869023,-87.684537,1303877280.0,24775282,24775400
24775400,41.869005,-87.684807,1303877283.0,24775325,24775493
24775493,41.86899,-87.685109,1303877287.0,24775400,24775564
24775564,41.868951,-87.685442,1303877290.0,24775493,24775640
24775640,41.868911,-87.685783,1303877293.0,24775564,24775719
24775719,41.868895,-87.686055,1303877296.0,24775640,24775840
24775840,41.869139,-87.686112,1303877301.0,24775719,24775915
24775915,41.869399,-87.686096,1303877304.0,24775840,24775967
24775967,41.869634,-87.686082,1303877306.0,24775915,24776020
24776020,41.86989,-87.686079,1303877308.0,24775967,24776073
24776073,41.870164,-87.686079,1303877310.0,24776020,24776125
24776125,41.870409,-87.686077,1303877312.0,24776073,24776177
24776177,41.87064,-87.686079,1303877314.0,24776125,24776252
24776252,41.870879,-87.686063,1303877317.0,24776177,24776488
24776488,41.871057,-87.686102,1303877326.0,24776252,24776843
24776843,41.871268,-87.686072,1303877339.0,24776488,24776922
24776922,41.871514,-87.68607,1303877342.0,24776843,24776977
24776977,41.871747,-87.686075,1303877344.0,24776922,24777037
24777037,41.872016,-87.686085,1303877346.0,24776977,24777092
24777092,41.872318,-87.686089,1303877348.0,24777037,24777147
24777147,41.872637,-87.686097,1303877350.0,24777092,24777206
24777206,41.872943,-87.686111,1303877352.0,24777147,24777264
24777264,41.873231,-87.686132,1303877354.0,24777206,24777319
24777319,41.873484,-87.68616,1303877356.0,24777264,24777376
24777376,41.873687,-87.686178,1303877358.0,24777319,24777490
24777490,41.873881,-87.68615,1303877362.0,24777376,24777639
24777639,41.873986,-87.685883,1303877367.0,24777490,24777720
24777720,41.873996,-87.685531,1303877370.0,24777639,24777778
24777778,41.874001,-87.68522,1303877372.0,24777720,24777840
24777840,41.874009,-87.684883,1303877374.0,24777778,24777902
24777902,41.874007,-87.684556,1303877376.0,24777840,24777956
24777956,41.874,-87.684273,1303877378.0,24777902,24778044
24778044,41.873979,-87.684004,1303877381.0,24777956,24778439
24778439,41.873982,-87.683694,1303877394.0,24778044,24778531
24778531,41.874003,-87.683378,1303877397.0,24778439,24778594
24778594,41.874015,-87.6831,1303877399.0,24778531,24778658
24778658,41.874022,-87.682756,1303877401.0,24778594,24778726
24778726,41.874024,-87.68237,1303877403.0,24778658,24778792
24778792,41.874023,-87.682014,1303877405.0,24778726,24778855
24778855,41.874028,-87.68173,1303877407.0,24778792,24778946
24778946,41.874024,-87.681486,1303877410.0,24778855,24779107
24779107,41.874043,-87.681225,1303877415.0,24778946,24779197
24779197,41.874059,-87.680916,1303877418.0,24779107,24779249
24779249,41.874066,-87.680631,1303877420.0,24779197,24779287
24779287,41.874078,-87.680301,1303877422.0,24779249,24779337
24779337,41.874093,-87.679922,1303877424.0,24779287,24779388
24779388,41.8741,-87.679523,1303877426.0,24779337,24779446
24779446,41.874106,-87.679109,1303877428.0,24779388,24779503
24779503,41.874106,-87.678681,1303877430.0,24779446,24779559
24779559,41.874108,-87.678249,1303877432.0,24779503,24779617
24779617,41.874108,-87.677835,1303877434.0,24779559,24779680
24779680,41.8741,-87.677457,1303877436.0,24779617,24779746
24779746,41.874095,-87.677135,1303877438.0,24779680,24779830
24779830,41.874074,-87.67681,1303877441.0,24779746,24780078
24780078,41.874027,-87.676574,1303877448.0,24779830,24780181
24780181,41.873853,-87.676494,1303877451.0,24780078,24780280
24780280,41.873587,-87.676459,1303877454.0,24780181,24780342
24780342,41.873403,-87.676441,1303877456.0,24780280,24780437
24780437,41.873174,-87.676416,1303877459.0,24780342,24780711
24780711,41.872979,-87.676394,1303877467.0,24780437,24780813
24780813,41.872798,-87.676382,1303877470.0,24780711,24780880
24780880,41.872581,-87.676342,1303877472.0,24780813,24780952
24780952,41.872339,-87.676316,1303877474.0,24780880,24781011
24781011,41.872087,-87.676297,1303877476.0,24780952,24781016
24781016,41.871852,-87.676274,1303877478.0,24781011,24781024
24781024,41.87166,-87.676266,1303877480.0,24781016,24781040
24781040,41.871472,-87.676222,1303877483.0,24781024,24781059
24781059,41.87144,-87.675979,1303877486.0,24781040,24781073
24781073,41.87145,-87.675711,1303877488.0,24781059,24781089
24781089,41.87146,-87.675424,1303877490.0,24781073,24781114
24781114,41.871486,-87.675119,1303877493.0,24781089,24781325
24781325,41.871495,-87.674814,1303877513.0,24781114,24781367
24781367,41.871537,-87.674479,1303877516.0,24781325,24781392
24781392,41.871559,-87.674224,1303877518.0,24781367,24781433
24781433,41.871642,-87.673893,1303877521.0,24781392,24781476
24781476,41.871701,-87.673557,1303877524.0,24781433,24781503
24781503,41.871744,-87.6733,1303877526.0,24781476,24781534
24781534,41.871778,-87.673018,1303877528.0,24781503,24781566
24781566,41.871792,-87.672709,1303877530.0,24781534,24781594
24781594,41.871786,-87.672401,1303877532.0,24781566,24781625
24781625,41.871768,-87.672114,1303877534.0,24781594,24781658
24781658,41.871746,-87.671863,1303877536.0,24781625,24781706
24781706,41.871726,-87.671572,1303877539.0,24781658,24781770
24781770,41.871686,-87.671295,1303877543.0,24781706,24781838
24781838,41.871636,-87.67106,1303877547.0,24781770,24781927
24781927,41.871688,-87.670761,1303877552.0,24781838,24781981
24781981,41.871733,-87.670511,1303877555.0,24781927,24782034
24782034,41.871735,-87.670211,1303877558.0,24781981,24782111
24782111,41.871829,-87.669941,1303877562.0,24782034,24782238
24782238,41.871764,-87.669677,1303877569.0,24782111,24782302
24782302,41.871518,-87.669559,1303877572.0,24782238,24782342
24782342,41.87131,-87.669456,1303877574.0,24782302,24782379
24782379,41.871068,-87.669335,1303877576.0,24782342,24782419
24782419,41.870792,-87.669245,1303877578.0,24782379,24782462
24782462,41.870497,-87.669211,1303877580.0,24782419,24782501
24782501,41.870207,-87.669198,1303877582.0,24782462,24782543
24782543,41.869932,-87.669224,1303877584.0,24782501,24782584
24782584,41.869688,-87.669258,1303877586.0,24782543,24782628
24782628,41.869486,-87.669299,1303877588.0,24782584,24782677
24782677,41.869271,-87.669381,1303877591.0,24782628,24782732
24782732,41.869026,-87.669366,1303877595.0,24782677,24782784
24782784,41.868769,-87.66933,1303877598.0,24782732,24782824
24782824,41.868559,-87.669301,1303877600.0,24782784,24782858
24782858,41.868314,-87.66927,1303877602.0,24782824,24782893
24782893,41.868046,-87.669233,1303877604.0,24782858,24782937
24782937,41.867773,-87.669213,1303877606.0,24782893,24782985
24782985,41.867523,-87.669208,1303877608.0,24782937,24783028
24783028,41.867319,-87.669221,1303877610.0,24782985,24783110
24783110,41.867101,-87.669189,1303877614.0,24783028,24783334
24783334,41.867053,-87.668953,1303877624.0,24783110,24783630
24783630,41.866887,-87.668812,1303877637.0,24783334,24783733
24783733,41.866774,-87.668622,1303877641.0,24783630,24783809
24783809,41.866818,-87.66827,1303877644.0,24783733,24783856
24783856,41.866841,-87.667986,1303877646.0,24783809,24783899
24783899,41.86686,-87.667683,1303877648.0,24783856,24783944
24783944,41.866868,-87.667373,1303877650.0,24783899,24783997
24783997,41.866864,-87.667093,1303877652.0,24783944,24784052
24784052,41.86685,-87.666846,1303877654.0,24783997,24784131
24784131,41.86681,-87.666597,1303877657.0,24784052,24784433
24784433,41.866837,-87.666328,1303877669.0,24784131,24784510
24784510,41.86685,-87.666007,1303877672.0,24784433,24784562
24784562,41.866865,-87.665734,1303877674.0,24784510,24784614
24784614,41.866878,-87.665413,1303877676.0,24784562,24784669
24784669,41.866892,-87.665044,1303877678.0,24784614,24784721
24784721,41.866908,-87.664641,1303877680.0,24784669,24784770
24784770,41.866925,-87.664211,1303877682.0,24784721,24784821
24784821,41.866945,-87.663781,1303877684.0,24784770,24784871
24784871,41.866956,-87.663356,1303877686.0,24784821,24784925
24784925,41.866961,-87.662938,1303877688.0,24784871,24784984
24784984,41.866968,-87.662519,1303877690.0,24784925,24785047
24785047,41.866975,-87.662113,1303877692.0,24784984,24785100
24785100,41.866983,-87.66171,1303877694.0,24785047,24785146
24785146,41.866987,-87.661298,1303877696.0,24785100,24785200
24785200,41.86699,-87.660869,1303877698.0,24785146,24785251
24785251,41.866993,-87.660431,1303877700.0,24785200,24785305
24785305,41.866999,-87.65999,1303877702.0,24785251,24785359
24785359,41.867004,-87.659549,1303877704.0,24785305,24785420
24785420,41.86701,-87.659097,1303877706.0,24785359,24785484
24785484,41.867019,-87.658635,1303877708.0,24785420,24785545
24785545,41.867027,-87.658188,1303877710.0,24785484,24785604
24785604,41.867034,-87.657781,1303877712.0,24785545,24785652
24785652,41.867045,-87.657434,1303877714.0,24785604,24785702
24785702,41.867054,-87.657164,1303877716.0,24785652,24785778
24785778,41.867057,-87.656914,1303877719.0,24785702,24786556
24786556,41.867011,-87.656644,1303877745.0,24785778,24786636
24786636,41.867013,-87.6563,1303877748.0,24786556,24786697
24786697,41.867013,-87.655996,1303877750.0,24786636,24786760
24786760,41.867016,-87.655648,1303877752.0,24786697,24786823
24786823,41.86702,-87.655261,1303877754.0,24786760,24786887
24786887,41.867029,-87.654856,1303877756.0,24786823,24786948
24786948,41.867038,-87.654449,1303877758.0,24786887,24787009
24787009,41.867048,-87.654037,1303877760.0,24786948,24787070
24787070,41.867059,-87.653635,1303877762.0,24787009,24787125
24787125,41.867066,-87.653248,1303877764.0,24787070,24787188
24787188,41.867066,-87.652843,1303877766.0,24787125,24787259
24787259,41.86707,-87.652441,1303877768.0,24787188,24787320
24787320,41.867075,-87.652076,1303877770.0,24787259,24787352
24787352,41.867081,-87.651757,1303877772.0,24787320,24787419
24787419,41.867096,-87.651488,1303877774.0,24787352,24787520
24787520,41.867113,-87.651204,1303877777.0,24787419,24788003
24788003,41.867205,-87.650974,1303877793.0,24787520,24788100
24788100,41.867404,-87.650903,1303877796.0,24788003,24788160
24788160,41.867607,-87.650922,1303877798.0,24788100,24788223
24788223,41.867874,-87.650946,1303877800.0,24788160,24788292
24788292,41.868163,-87.650963,1303877802.0,24788223,24788347
24788347,41.868459,-87.650999,1303877804.0,24788292,24788413
24788413,41.868742,-87.651036,1303877806.0,24788347,24788485
24788485,41.868999,-87.651076,1303877808.0,24788413,24788560
24788560,41.8692,-87.651098,1303877810.0,24788485,24788665
24788665,41.869395,-87.651115,1303877813.0,24788560,24789136
24789136,41.869537,-87.650894,1303877827.0,24788665,24789224
24789224,41.86953,-87.650549,1303877830.0,24789136,24789297
24789297,41.869525,-87.650252,1303877832.0,24789224,24789368
24789368,41.869522,-87.649906,1303877834.0,24789297,24789441
24789441,41.869524,-87.64952,1303877836.0,24789368,24789512
24789512,41.869523,-87.649126,1303877838.0,24789441,24789580
24789580,41.869518,-87.64874,1303877840.0,24789512,24789650
24789650,41.86952,-87.648361,1303877842.0,24789580,24789718
24789718,41.869519,-87.647983,1303877844.0,24789650,24789782
24789782,41.869524,-87.647632,1303877846.0,24789718,24789849
24789849,41.869537,-87.647339,1303877848.0,24789782,24789956
24789956,41.869534,-87.647045,1303877851.0,24789849,24790322
24790322,41.869365,-87.646886,1303877861.0,24789956,24790429
24790429,41.869104,-87.646897,1303877864.0,24790322,24790490
24790490,41.868886,-87.646902,1303877866.0,24790429,24790560
24790560,41.868624,-87.646877,1303877868.0,24790490,24790634
24790634,41.868339,-87.646854,1303877870.0,24790560,24790708
24790708,41.868051,-87.646844,1303877872.0,24790634,24790778
24790778,41.867787,-87.64684,1303877874.0,24790708,24790852
24790852,41.867562,-87.646838,1303877876.0,24790778,24790928
24790928,41.867375,-87.646841,1303877878.0,24790852,24791182
24791182,41.867199,-87.646926,1303877885.0,24790928,24791320
24791320,41.867091,-87.647139,1303877889.0,24791182,24791397
24791397,41.867088,-87.647396,1303877891.0,24791320,24791465
24791465,41.867097,-87.647694,1303877893.0,24791397,24791540
24791540,41.8671,-87.648035,1303877895.0,24791465,24791612
24791612,41.867105,-87.64841,1303877897.0,24791540,24791682
24791682,41.867099,-87.648821,1303877899.0,24791612,24791745
24791745,41.867104,-87.649266,1303877901.0,24791682,24791793
24791793,41.86711,-87.649705,1303877903.0,24791745,24791833
24791833,41.86711,-87.650127,1303877905.0,24791793,24791896
24791896,41.86711,-87.650518,1303877907.0,24791833,24791954
24791954,41.867096,-87.650838,1303877909.0,24791896,24792044
24792044,41.866995,-87.651097,1303877912.0,24791954,24792169
24792169,41.866747,-87.651112,1303877916.0,24792044,24792227
24792227,41.866567,-87.651089,1303877918.0,24792169,24792232
24792232,41.866337,-87.651061,1303877920.0,24792227,24792240
24792240,41.866069,-87.651048,1303877922.0,24792232,24792250
24792250,41.865773,-87.651036,1303877924.0,24792240,24792262
24792262,41.865456,-87.651029,1303877926.0,24792250,24792275
24792275,41.865163,-87.651014,1303877928.0,24792262,24792289
24792289,41.864942,-87.651006,1303877930.0,24792275,24792313
24792313,41.864758,-87.650982,1303877933.0,24792289,24792374
24792374,41.864522,-87.650974,1303877940.0,24792313,24792403
24792403,41.864256,-87.650957,1303877943.0,24792374,24792426
24792426,41.864041,-87.650952,1303877945.0,24792403,24792447
24792447,41.863836,-87.650944,1303877947.0,24792426,24792482
24792482,41.863614,-87.650937,1303877950.0,24792447,24792543
24792543,41.86348,-87.650774,1303877955.0,24792482,24792608
24792608,41.863517,-87.650491,1303877960.0,24792543,24792650
24792650,41.863537,-87.650193,1303877963.0,24792608,24792736
24792736,41.863628,-87.649959,1303877969.0,24792650,24792858
24792858,41.863813,-87.649984,1303877977.0,24792736,24793004
24793004,41.863828,-87.650254,1303877986.0,24792858,24793143
24793143,41.863683,-87.650411,1303877994.0,24793004,24793267
24793267,41.863598,-87.650173,1303878002.0,24793143,24793383
24793383,41.863672,-87.649947,1303878008.0,24793267,None
