34008788,41.869327,-87.666068,1302368696.0,None,34009088
34009088,41.869315,-87.666366,1302368704.0,34008788,34009198
34009198,41.869304,-87.666651,1302368707.0,34009088,34009303
34009303,41.86929,-87.666983,1302368710.0,34009198,34009413
34009413,41.869278,-87.667334,1302368713.0,34009303,34009525
34009525,41.869279,-87.667693,1302368716.0,34009413,34009599
34009599,41.869275,-87.667937,1302368718.0,34009525,34009704
34009704,41.869273,-87.668286,1302368721.0,34009599,34009823
34009823,41.869274,-87.668593,1302368724.0,34009704,34010045
34010045,41.869274,-87.668866,1302368730.0,34009823,34010177
34010177,41.869269,-87.669122,1302368734.0,34010045,34010253
34010253,41.869251,-87.669497,1302368738.0,34010177,34010338
34010338,41.869235,-87.669806,1302368741.0,34010253,34010435
34010435,41.869233,-87.670137,1302368744.0,34010338,34010534
34010534,41.869244,-87.67049,1302368747.0,34010435,34010631
34010631,41.869241,-87.670811,1302368750.0,34010534,34010734
34010734,41.869237,-87.671097,1302368753.0,34010631,34010981
34010981,41.869224,-87.671379,1302368760.0,34010734,34011119
34011119,41.869232,-87.671625,1302368764.0,34010981,34011221
34011221,41.869232,-87.671877,1302368767.0,34011119,34011327
34011327,41.869242,-87.672206,1302368770.0,34011221,34011432
34011432,41.869239,-87.672549,1302368773.0,34011327,34011542
34011542,41.869233,-87.672876,1302368776.0,34011432,34011650
34011650,41.869226,-87.673166,1302368779.0,34011542,34011786
34011786,41.869213,-87.673453,1302368783.0,34011650,34011993
34011993,41.869211,-87.673721,1302368789.0,34011786,34012136
34012136,41.869209,-87.674049,1302368793.0,34011993,34012249
34012249,41.869202,-87.674348,1302368796.0,34012136,34012355
34012355,41.869195,-87.674672,1302368799.0,34012249,34012451
34012451,41.869188,-87.674989,1302368802.0,34012355,34012551
34012551,41.869184,-87.675291,1302368805.0,34012451,34012662
34012662,41.869178,-87.675562,1302368808.0,34012551,34013625
34013625,41.869169,-87.675814,1302368836.0,34012662,34013792
34013792,41.869163,-87.676136,1302368841.0,34013625,34013894
34013894,41.869153,-87.676431,1302368844.0,34013792,34013985
34013985,41.869142,-87.676773,1302368847.0,34013894,34014044
34014044,41.869135,-87.677024,1302368849.0,34013985,34014122
34014122,41.869132,-87.677283,1302368851.0,34014044,34014198
34014198,41.869129,-87.677545,1302368853.0,34014122,34014272
34014272,41.869125,-87.677808,1302368855.0,34014198,34014345
34014345,41.869122,-87.678069,1302368857.0,34014272,34014418
34014418,41.869117,-87.678328,1302368859.0,34014345,34014486
34014486,41.869112,-87.678586,1302368861.0,34014418,34014550
34014550,41.869106,-87.67884,1302368863.0,34014486,34014618
34014618,41.869102,-87.679082,1302368865.0,34014550,34014721
34014721,41.869101,-87.679428,1302368868.0,34014618,34014838
34014838,41.869096,-87.67975,1302368871.0,34014721,34014948
34014948,41.869092,-87.68005,1302368874.0,34014838,34015053
34015053,41.869093,-87.680305,1302368877.0,34014948,34015689
34015689,41.869087,-87.680553,1302368896.0,34015053,34015824
34015824,41.869088,-87.680836,1302368900.0,34015689,34015936
34015936,41.869086,-87.681128,1302368903.0,34015824,34016049
34016049,41.869075,-87.681455,1302368906.0,34015936,34016159
34016159,41.869063,-87.681802,1302368909.0,34016049,34016255
34016255,41.869056,-87.682158,1302368912.0,34016159,34016359
34016359,41.869049,-87.68251,1302368915.0,34016255,34016461
34016461,41.869041,-87.682861,1302368918.0,34016359,34016568
34016568,41.869032,-87.683192,1302368921.0,34016461,34016723
34016723,41.86903,-87.683475,1302368925.0,34016568,34016931
34016931,41.869029,-87.68372,1302368931.0,34016723,34017034
34017034,41.869025,-87.683966,1302368934.0,34016931,34017133
34017133,41.869022,-87.684254,1302368937.0,34017034,34017234
34017234,41.86902,-87.684523,1302368940.0,34017133,34017454
34017454,41.869012,-87.684765,1302368946.0,34017234,34017630
34017630,41.869016,-87.685058,1302368951.0,34017454,34017732
34017732,41.869014,-87.6853,1302368954.0,34017630,34017851
34017851,41.86902,-87.685592,1302368958.0,34017732,34018038
34018038,41.869019,-87.685841,1302368963.0,34017851,34018491
34018491,41.869123,-87.686064,1302368976.0,34018038,34019311
34019311,41.86933,-87.686043,1302368999.0,34018491,34019458
34019458,41.869539,-87.686046,1302369003.0,34019311,34019555
34019555,41.869752,-87.686046,1302369006.0,34019458,34019650
34019650,41.869988,-87.68605,1302369009.0,34019555,34019764
34019764,41.870234,-87.686047,1302369012.0,34019650,34019862
34019862,41.870472,-87.686054,1302369015.0,34019764,34019975
34019975,41.870715,-87.686063,1302369018.0,34019862,34020089
34020089,41.870978,-87.686056,1302369021.0,34019975,34020155
34020155,41.871164,-87.686061,1302369023.0,34020089,34020220
34020220,41.871348,-87.686058,1302369025.0,34020155,34020286
34020286,41.871528,-87.686059,1302369027.0,34020220,34020392
34020392,41.871786,-87.68606,1302369030.0,34020286,34020501
34020501,41.872031,-87.686065,1302369033.0,34020392,34020606
34020606,41.872275,-87.686084,1302369036.0,34020501,34020711
34020711,41.872507,-87.68607,1302369039.0,34020606,34020821
34020821,41.872754,-87.686045,1302369042.0,34020711,34020902
34020902,41.872998,-87.686043,1302369045.0,34020821,34020995
34020995,41.873223,-87.686044,1302369048.0,34020902,34021083
34021083,41.873415,-87.686052,1302369051.0,34020995,34021178
34021178,41.873615,-87.686062,1302369055.0,34021083,34021505
34021505,41.873812,-87.686025,1302369070.0,34021178,34021527
34021527,41.873886,-87.685774,1302369074.0,34021505,34021547
34021547,41.873913,-87.685528,1302369077.0,34021527,34021570
34021570,41.873939,-87.685229,1302369080.0,34021547,34021595
34021595,41.87396,-87.684895,1302369083.0,34021570,34021622
34021622,41.873982,-87.684557,1302369086.0,34021595,34021652
34021652,41.874001,-87.684242,1302369089.0,34021622,34021694
34021694,41.874004,-87.683951,1302369093.0,34021652,34022005
34022005,41.873984,-87.683655,1302369117.0,34021694,34022050
34022050,41.873986,-87.683398,1302369120.0,34022005,34022095
34022095,41.87399,-87.683077,1302369123.0,34022050,34022143
34022143,41.874002,-87.682727,1302369126.0,34022095,34022192
34022192,41.874009,-87.682363,1302369129.0,34022143,34022224
34022224,41.87401,-87.68212,1302369131.0,34022192,34022275
34022275,41.87401,-87.681776,1302369134.0,34022224,34022327
34022327,41.874007,-87.681511,1302369137.0,34022275,34022450
34022450,41.874013,-87.68123,1302369144.0,34022327,34022505
34022505,41.874016,-87.680976,1302369147.0,34022450,34022560
34022560,41.874024,-87.680658,1302369150.0,34022505,34022615
34022615,41.874032,-87.680292,1302369153.0,34022560,34022654
34022654,41.874037,-87.680031,1302369155.0,34022615,34022693
34022693,41.874039,-87.679762,1302369157.0,34022654,34022730
34022730,41.87404,-87.679488,1302369159.0,34022693,34022770
34022770,41.874042,-87.679211,1302369161.0,34022730,34022810
34022810,41.874045,-87.678934,1302369163.0,34022770,34022851
34022851,41.874049,-87.678662,1302369165.0,34022810,34022893
34022893,41.874056,-87.678407,1302369167.0,34022851,34022933
34022933,41.87406,-87.678162,1302369169.0,34022893,34022995
34022995,41.874061,-87.6778,1302369172.0,34022933,34023058
34023058,41.874064,-87.677455,1302369175.0,34022995,34023123
34023123,41.874065,-87.677143,1302369178.0,34023058,34023159
34023159,41.874042,-87.676895,1302369181.0,34023123,34023180
34023180,41.874026,-87.676648,1302369186.0,34023159,34023210
34023210,41.873833,-87.676488,1302369191.0,34023180,34023241
34023241,41.873595,-87.676464,1302369195.0,34023210,34023276
34023276,41.873378,-87.676445,1302369199.0,34023241,None
