71870199,41.871478,-87.673376,1302876562.0,None,71870334
71870334,41.871507,-87.673072,1302876569.0,71870199,71870403
71870403,41.871522,-87.67281,1302876572.0,71870334,71870470
71870470,41.871541,-87.672538,1302876575.0,71870403,71870505
71870505,41.871551,-87.672271,1302876578.0,71870470,71870532
71870532,41.871552,-87.671966,1302876582.0,71870505,71871010
71871010,41.871488,-87.671704,1302876604.0,71870532,71871106
71871106,41.871479,-87.671415,1302876608.0,71871010,71871179
71871179,41.871494,-87.671113,1302876611.0,71871106,71871249
71871249,41.871503,-87.67079,1302876614.0,71871179,71871325
71871325,41.871503,-87.670486,1302876617.0,71871249,71871402
71871402,41.871508,-87.670238,1302876620.0,71871325,71871937
71871937,41.871536,-87.669966,1302876641.0,71871402,71872121
71872121,41.871622,-87.669744,1302876648.0,71871937,71872328
71872328,41.871612,-87.669495,1302876656.0,71872121,71872549
71872549,41.8716,-87.669241,1302876664.0,71872328,71872683
71872683,41.87142,-87.669196,1302876669.0,71872549,71872761
71872761,41.871213,-87.669191,1302876672.0,71872683,71872814
71872814,41.871031,-87.669182,1302876674.0,71872761,71872872
71872872,41.870825,-87.669173,1302876676.0,71872814,71872932
71872932,41.870608,-87.669162,1302876678.0,71872872,71872976
71872976,41.8704,-87.669145,1302876680.0,71872932,71873033
71873033,41.870207,-87.669132,1302876682.0,71872976,71873122
71873122,41.869954,-87.669112,1302876685.0,71873033,71873211
71873211,41.869725,-87.669094,1302876688.0,71873122,71873294
71873294,41.869522,-87.669098,1302876691.0,71873211,71873434
71873434,41.869333,-87.669088,1302876696.0,71873294,71873607
71873607,41.869129,-87.669063,1302876702.0,71873434,71873700
71873700,41.868884,-87.669055,1302876705.0,71873607,71873760
71873760,41.86868,-87.66905,1302876707.0,71873700,71873817
71873817,41.868458,-87.669046,1302876709.0,71873760,71873874
71873874,41.86823,-87.669041,1302876711.0,71873817,71873937
71873937,41.868008,-87.669037,1302876713.0,71873874,71873994
71873994,41.8678,-87.669038,1302876715.0,71873937,71874052
71874052,41.867615,-87.669035,1302876717.0,71873994,71874146
71874146,41.867391,-87.669026,1302876720.0,71874052,71874276
71874276,41.86719,-87.669024,1302876724.0,71874146,71874393
71874393,41.867005,-87.669014,1302876728.0,71874276,71874513
71874513,41.866829,-87.668948,1302876732.0,71874393,71874627
71874627,41.866792,-87.668683,1302876736.0,71874513,71874728
71874728,41.866787,-87.668401,1302876739.0,71874627,71874831
71874831,41.866787,-87.668088,1302876742.0,71874728,71874929
71874929,41.866787,-87.667788,1302876745.0,71874831,71875044
71875044,41.866785,-87.667515,1302876749.0,71874929,71875508
71875508,41.866784,-87.667254,1302876763.0,71875044,71875631
71875631,41.866791,-87.666978,1302876767.0,71875508,71875724
71875724,41.866791,-87.666648,1302876770.0,71875631,71875794
71875794,41.86679,-87.666404,1302876772.0,71875724,71875866
71875866,41.866788,-87.666157,1302876774.0,71875794,71875936
71875936,41.866789,-87.665907,1302876776.0,71875866,71876001
71876001,41.866792,-87.665654,1302876778.0,71875936,71876069
71876069,41.866794,-87.665381,1302876780.0,71876001,71876135
71876135,41.866798,-87.665097,1302876782.0,71876069,71876193
71876193,41.8668,-87.664806,1302876784.0,71876135,71876258
71876258,41.866803,-87.664514,1302876786.0,71876193,71876330
71876330,41.866809,-87.664219,1302876788.0,71876258,71876406
71876406,41.866815,-87.663922,1302876790.0,71876330,71876468
71876468,41.86682,-87.663626,1302876792.0,71876406,71876540
71876540,41.866826,-87.663319,1302876794.0,71876468,71876610
71876610,41.866831,-87.662983,1302876796.0,71876540,71876675
71876675,41.866837,-87.662636,1302876798.0,71876610,71876741
71876741,41.866845,-87.662295,1302876800.0,71876675,71876805
71876805,41.866851,-87.661956,1302876802.0,71876741,71876879
71876879,41.86686,-87.661621,1302876804.0,71876805,71876951
71876951,41.866867,-87.66129,1302876806.0,71876879,71877023
71877023,41.866869,-87.660965,1302876808.0,71876951,71877094
71877094,41.866873,-87.660642,1302876810.0,71877023,71877168
71877168,41.866877,-87.660326,1302876812.0,71877094,71877242
71877242,41.866882,-87.660024,1302876814.0,71877168,71877314
71877314,41.86689,-87.659732,1302876816.0,71877242,71877382
71877382,41.866895,-87.659449,1302876818.0,71877314,71877444
71877444,41.866901,-87.659184,1302876820.0,71877382,71877510
71877510,41.866905,-87.658932,1302876822.0,71877444,71877617
71877617,41.866909,-87.658585,1302876825.0,71877510,71877730
71877730,41.866912,-87.658264,1302876828.0,71877617,71877841
71877841,41.866919,-87.657956,1302876831.0,71877730,71877950
71877950,41.866927,-87.657637,1302876834.0,71877841,71878054
71878054,41.866932,-87.657349,1302876837.0,71877950,71878202
71878202,41.866937,-87.65705,1302876841.0,71878054,71878342
71878342,41.866942,-87.65673,1302876845.0,71878202,71878455
71878455,41.866949,-87.656441,1302876848.0,71878342,71878561
71878561,41.866956,-87.656081,1302876851.0,71878455,71878622
71878622,41.866961,-87.655827,1302876853.0,71878561,71878627
71878627,41.866963,-87.655581,1302876855.0,71878622,71878640
71878640,41.866964,-87.655259,1302876858.0,71878627,71878657
71878657,41.866966,-87.654965,1302876861.0,71878640,71878677
71878677,41.866972,-87.654722,1302876864.0,71878657,71878716
71878716,41.866981,-87.654465,1302876869.0,71878677,71879007
71879007,41.866994,-87.654218,1302876895.0,71878716,71879077
71879077,41.867003,-87.653957,1302876900.0,71879007,71879135
71879135,41.86701,-87.653686,1302876904.0,71879077,71879176
71879176,41.867014,-87.653441,1302876907.0,71879135,71879223
71879223,41.867008,-87.653186,1302876910.0,71879176,71879269
71879269,41.867002,-87.652892,1302876913.0,71879223,71879318
71879318,41.866999,-87.652577,1302876916.0,71879269,71879368
71879368,41.867002,-87.652241,1302876919.0,71879318,71879400
71879400,41.867006,-87.651996,1302876921.0,71879368,71879432
71879432,41.867009,-87.651754,1302876923.0,71879400,71879486
71879486,41.867027,-87.651415,1302876926.0,71879432,71879539
71879539,41.867041,-87.651162,1302876929.0,71879486,71879779
71879779,41.867136,-87.650955,1302876942.0,71879539,71879857
71879857,41.867343,-87.650933,1302876946.0,71879779,71879916
71879916,41.867567,-87.650947,1302876949.0,71879857,71879973
71879973,41.867816,-87.650968,1302876952.0,71879916,71880014
71880014,41.868001,-87.650978,1302876954.0,71879973,71880053
71880053,41.868203,-87.650986,1302876956.0,71880014,71880093
71880093,41.868416,-87.650994,1302876958.0,71880053,71880137
71880137,41.868626,-87.651001,1302876960.0,71880093,71880180
71880180,41.868838,-87.651008,1302876962.0,71880137,71880222
71880222,41.869055,-87.651015,1302876964.0,71880180,71880263
71880263,41.869243,-87.651035,1302876966.0,71880222,71880329
71880329,41.869436,-87.65106,1302876969.0,71880263,71880461
71880461,41.86954,-87.65081,1302876975.0,71880329,71880519
71880519,41.869517,-87.650554,1302876978.0,71880461,71880560
71880560,41.869503,-87.650222,1302876981.0,71880519,71880595
71880595,41.869497,-87.649898,1302876984.0,71880560,71880638
71880638,41.869492,-87.649596,1302876987.0,71880595,71880697
71880697,41.869488,-87.64931,1302876990.0,71880638,71880769
71880769,41.869483,-87.649037,1302876993.0,71880697,71880848
71880848,41.869482,-87.648763,1302876996.0,71880769,71880938
71880938,41.869476,-87.648471,1302877000.0,71880848,71881375
71881375,41.869477,-87.648185,1302877018.0,71880938,71881455
71881455,41.869473,-87.647896,1302877022.0,71881375,71881537
71881537,41.86948,-87.647587,1302877025.0,71881455,71881618
71881618,41.869492,-87.647307,1302877028.0,71881537,71881719
71881719,41.86945,-87.647041,1302877032.0,71881618,71881813
71881813,41.869243,-87.646994,1302877036.0,71881719,71881897
71881897,41.869003,-87.647006,1302877039.0,71881813,71881955
71881955,41.868801,-87.647004,1302877041.0,71881897,71882010
71882010,41.868569,-87.647004,1302877043.0,71881955,71882066
71882066,41.868329,-87.647,1302877045.0,71882010,71882117
71882117,41.868104,-87.647003,1302877047.0,71882066,71882165
71882165,41.867903,-87.647009,1302877049.0,71882117,71882245
71882245,41.867676,-87.647012,1302877052.0,71882165,None
