79895588,41.871324,-87.671465,1303824794.0,None,79895643
79895643,41.871554,-87.67148,1303824799.0,79895588,79895679
79895679,41.871777,-87.671491,1303824802.0,79895643,79895715
79895715,41.872048,-87.671495,1303824805.0,79895679,79895741
79895741,41.87224,-87.671498,1303824807.0,79895715,79895767
79895767,41.872443,-87.671488,1303824809.0,79895741,79895793
79895793,41.872658,-87.671471,1303824811.0,79895767,79895820
79895820,41.872859,-87.671481,1303824813.0,79895793,79895848
79895848,41.873058,-87.67148,1303824815.0,79895820,79895876
79895876,41.873264,-87.671486,1303824817.0,79895848,79895905
79895905,41.873463,-87.671488,1303824819.0,79895876,79895934
79895934,41.873644,-87.671487,1303824821.0,79895905,79895978
79895978,41.87387,-87.671495,1303824824.0,79895934,79896072
79896072,41.874041,-87.671371,1303824830.0,79895978,79896138
79896138,41.874043,-87.671089,1303824834.0,79896072,79896188
79896188,41.874016,-87.670777,1303824837.0,79896138,79896239
79896239,41.873977,-87.670501,1303824840.0,79896188,79896293
79896293,41.873985,-87.67024,1303824843.0,79896239,79896346
79896346,41.874003,-87.669975,1303824846.0,79896293,79896382
79896382,41.874048,-87.669671,1303824849.0,79896346,79896438
79896438,41.874094,-87.669371,1303824852.0,79896382,79896496
79896496,41.874112,-87.66903,1303824855.0,79896438,79896532
79896532,41.874192,-87.668773,1303824857.0,79896496,79896568
79896568,41.874163,-87.668501,1303824859.0,79896532,79896609
79896609,41.874151,-87.668214,1303824861.0,79896568,79896648
79896648,41.874144,-87.667932,1303824863.0,79896609,79896686
79896686,41.874175,-87.667653,1303824865.0,79896648,79896725
79896725,41.874208,-87.667374,1303824867.0,79896686,79896763
79896763,41.874248,-87.667102,1303824869.0,79896725,79896807
79896807,41.874241,-87.666837,1303824871.0,79896763,79896846
79896846,41.874229,-87.666592,1303824873.0,79896807,79896909
79896909,41.874232,-87.666241,1303824876.0,79896846,79896951
79896951,41.874239,-87.665991,1303824878.0,79896909,79896981
79896981,41.874238,-87.665734,1303824880.0,79896951,79897027
79897027,41.874236,-87.665464,1303824882.0,79896981,79897071
79897071,41.874234,-87.665186,1303824884.0,79897027,79897111
79897111,41.874211,-87.6649,1303824886.0,79897071,79897155
79897155,41.874202,-87.664616,1303824888.0,79897111,79897194
79897194,41.874194,-87.664336,1303824890.0,79897155,79897238
79897238,41.874187,-87.664064,1303824892.0,79897194,79897285
79897285,41.874183,-87.663797,1303824894.0,79897238,79897328
79897328,41.87418,-87.663531,1303824896.0,79897285,79897376
79897376,41.874179,-87.663276,1303824898.0,79897328,79897402
79897402,41.874177,-87.663029,1303824900.0,79897376,79897452
79897452,41.874178,-87.662682,1303824903.0,79897402,79897501
79897501,41.87417,-87.662389,1303824906.0,79897452,79897577
79897577,41.874172,-87.662138,1303824910.0,79897501,79897803
79897803,41.874165,-87.66188,1303824922.0,79897577,79897879
79897879,41.874166,-87.661604,1303824925.0,79897803,79897958
79897958,41.874168,-87.66124,1303824928.0,79897879,79897996
79897996,41.874171,-87.660971,1303824930.0,79897958,79898043
79898043,41.874177,-87.660693,1303824932.0,79897996,79898093
79898093,41.874184,-87.660409,1303824934.0,79898043,79898147
79898147,41.874194,-87.660123,1303824936.0,79898093,79898194
79898194,41.874199,-87.659841,1303824938.0,79898147,79898246
79898246,41.874201,-87.65956,1303824940.0,79898194,79898297
79898297,41.874209,-87.659272,1303824942.0,79898246,79898352
79898352,41.874214,-87.658988,1303824944.0,79898297,79898405
79898405,41.874219,-87.658713,1303824946.0,79898352,79898459
79898459,41.874213,-87.658455,1303824948.0,79898405,79898509
79898509,41.874214,-87.65821,1303824950.0,79898459,79898582
79898582,41.87422,-87.65786,1303824953.0,79898509,79898659
79898659,41.874219,-87.657568,1303824956.0,79898582,79898773
79898773,41.874211,-87.657324,1303824960.0,79898659,79899295
79899295,41.87422,-87.65704,1303824979.0,79898773,79899375
79899375,41.874223,-87.656756,1303824982.0,79899295,79899457
79899457,41.87423,-87.65641,1303824985.0,79899375,79899516
79899516,41.874232,-87.656152,1303824987.0,79899457,79899581
79899581,41.874233,-87.655889,1303824989.0,79899516,79899639
79899639,41.874235,-87.655615,1303824991.0,79899581,79899696
79899696,41.874236,-87.655328,1303824993.0,79899639,79899749
79899749,41.87424,-87.655047,1303824995.0,79899696,79899807
79899807,41.874246,-87.65476,1303824997.0,79899749,79899866
79899866,41.874253,-87.654476,1303824999.0,79899807,79899925
79899925,41.874269,-87.654192,1303825001.0,79899866,79899988
79899988,41.874283,-87.653921,1303825003.0,79899925,79900052
79900052,41.874292,-87.65367,1303825005.0,79899988,79900139
79900139,41.874304,-87.653313,1303825008.0,79900052,79900225
79900225,41.874317,-87.652963,1303825011.0,79900139,79900317
79900317,41.874337,-87.652625,1303825014.0,79900225,79900412
79900412,41.87434,-87.652326,1303825017.0,79900317,79900528
79900528,41.874336,-87.652041,1303825021.0,79900412,79900770
79900770,41.874334,-87.651746,1303825029.0,79900528,79900865
79900865,41.874353,-87.651429,1303825032.0,79900770,79900931
79900931,41.874357,-87.651172,1303825034.0,79900865,79900988
79900988,41.874357,-87.6509,1303825036.0,79900931,79901043
79901043,41.874361,-87.650624,1303825038.0,79900988,79901100
79901100,41.874365,-87.650349,1303825040.0,79901043,79901172
79901172,41.874368,-87.650079,1303825042.0,79901100,79901237
79901237,41.874366,-87.649817,1303825044.0,79901172,79901299
79901299,41.874372,-87.649552,1303825046.0,79901237,79901366
79901366,41.874384,-87.649291,1303825048.0,79901299,79901428
79901428,41.874397,-87.649035,1303825050.0,79901366,79901494
79901494,41.87441,-87.648788,1303825052.0,79901428,79901583
79901583,41.874408,-87.648442,1303825055.0,79901494,79901679
79901679,41.874394,-87.64813,1303825058.0,79901583,79901812
79901812,41.874361,-87.647878,1303825062.0,79901679,79902229
79902229,41.874335,-87.647577,1303825075.0,79901812,79902331
79902331,41.874319,-87.64731,1303825078.0,79902229,79902430
79902430,41.874313,-87.64699,1303825081.0,79902331,79902541
79902541,41.874316,-87.646637,1303825084.0,79902430,79902606
79902606,41.874313,-87.646395,1303825086.0,79902541,79902671
79902671,41.874315,-87.646152,1303825088.0,79902606,79902740
79902740,41.874317,-87.645897,1303825090.0,79902671,79902803
79902803,41.874322,-87.64564,1303825092.0,79902740,79902865
79902865,41.874325,-87.645377,1303825094.0,79902803,79902930
79902930,41.874327,-87.645122,1303825096.0,79902865,79902995
79902995,41.87433,-87.644873,1303825098.0,79902930,79903103
79903103,41.874334,-87.644519,1303825101.0,79902995,79903204
79903204,41.874332,-87.644183,1303825104.0,79903103,79903318
79903318,41.874336,-87.643839,1303825107.0,79903204,79903415
79903415,41.874348,-87.643476,1303825110.0,79903318,79903486
79903486,41.874353,-87.643231,1303825112.0,79903415,79903581
79903581,41.874351,-87.642887,1303825115.0,79903486,79903686
79903686,41.874379,-87.642624,1303825118.0,79903581,79903862
79903862,41.874492,-87.642417,1303825123.0,79903686,79904031
79904031,41.874697,-87.642418,1303825128.0,79903862,79904219
79904219,41.874907,-87.642433,1303825133.0,79904031,79904438
79904438,41.875104,-87.642426,1303825139.0,79904219,None
