8512523,41.869327,-87.666242,1301844992.0,None,8512863
8512863,41.869315,-87.666503,1301845005.0,8512523,8512945
8512945,41.869307,-87.666802,1301845008.0,8512863,8513033
8513033,41.869291,-87.667153,1301845011.0,8512945,8513093
8513093,41.869282,-87.667415,1301845013.0,8513033,8513149
8513149,41.869259,-87.667688,1301845015.0,8513093,8513205
8513205,41.869239,-87.667947,1301845017.0,8513149,8513259
8513259,41.869232,-87.668193,1301845019.0,8513205,8513344
8513344,41.869222,-87.668539,1301845022.0,8513259,8513435
8513435,41.869208,-87.668793,1301845025.0,8513344,8513640
8513640,41.8692,-87.669092,1301845032.0,8513435,8513729
8513729,41.869198,-87.669345,1301845035.0,8513640,8513818
8513818,41.869191,-87.669678,1301845038.0,8513729,8513872
8513872,41.86918,-87.669923,1301845040.0,8513818,8513932
8513932,41.869188,-87.670174,1301845042.0,8513872,8514020
8514020,41.869189,-87.67053,1301845045.0,8513932,8514110
8514110,41.869181,-87.670845,1301845048.0,8514020,8514209
8514209,41.869189,-87.671092,1301845051.0,8514110,8514661
8514661,41.869197,-87.671352,1301845066.0,8514209,8514976
8514976,41.869108,-87.67158,1301845076.0,8514661,8515066
8515066,41.869038,-87.671816,1301845079.0,8514976,8515166
8515166,41.869019,-87.672082,1301845082.0,8515066,8515270
8515270,41.868985,-87.672426,1301845085.0,8515166,8515369
8515369,41.868965,-87.67274,1301845088.0,8515270,8515462
8515462,41.869161,-87.672986,1301845091.0,8515369,8515585
8515585,41.86923,-87.673278,1301845095.0,8515462,8515678
8515678,41.869237,-87.673596,1301845098.0,8515585,8515742
8515742,41.869245,-87.673855,1301845100.0,8515678,8515809
8515809,41.869251,-87.674153,1301845102.0,8515742,8515874
8515874,41.869256,-87.674483,1301845104.0,8515809,8515939
8515939,41.869252,-87.674829,1301845106.0,8515874,8516004
8516004,41.869254,-87.675179,1301845108.0,8515939,8516071
8516071,41.869247,-87.675532,1301845110.0,8516004,8516141
8516141,41.869233,-87.67588,1301845112.0,8516071,8516217
8516217,41.869216,-87.676224,1301845114.0,8516141,8516285
8516285,41.869199,-87.67657,1301845116.0,8516217,8516351
8516351,41.869187,-87.676914,1301845118.0,8516285,8516416
8516416,41.869183,-87.677254,1301845120.0,8516351,8516476
8516476,41.869174,-87.677598,1301845122.0,8516416,8516535
8516535,41.869172,-87.677949,1301845124.0,8516476,8516606
8516606,41.869171,-87.678298,1301845126.0,8516535,8516677
8516677,41.869168,-87.678639,1301845128.0,8516606,8516749
8516749,41.869158,-87.678972,1301845130.0,8516677,8516824
8516824,41.869154,-87.679292,1301845132.0,8516749,8516899
8516899,41.869153,-87.679597,1301845134.0,8516824,8516975
8516975,41.869147,-87.679886,1301845136.0,8516899,8517046
8517046,41.869129,-87.680127,1301845138.0,8516975,8517130
8517130,41.869111,-87.680369,1301845141.0,8517046,8517436
8517436,41.869089,-87.68063,1301845150.0,8517130,8517576
8517576,41.869097,-87.680962,1301845154.0,8517436,8517698
8517698,41.869086,-87.681304,1301845157.0,8517576,8517768
8517768,41.869075,-87.681554,1301845159.0,8517698,8517834
8517834,41.869061,-87.681821,1301845161.0,8517768,8517902
8517902,41.869044,-87.682089,1301845163.0,8517834,8517971
8517971,41.869031,-87.682351,1301845165.0,8517902,8518044
8518044,41.869024,-87.6826,1301845167.0,8517971,8518149
8518149,41.869017,-87.682955,1301845170.0,8518044,8518253
8518253,41.869014,-87.683249,1301845173.0,8518149,8518392
8518392,41.869008,-87.683516,1301845177.0,8518253,8518648
8518648,41.868996,-87.683822,1301845184.0,8518392,8518760
8518760,41.868986,-87.684126,1301845187.0,8518648,8518868
8518868,41.868983,-87.684442,1301845190.0,8518760,8518971
8518971,41.868959,-87.684698,1301845193.0,8518868,8519178
8519178,41.868963,-87.684968,1301845199.0,8518971,8519319
8519319,41.868965,-87.685297,1301845203.0,8519178,8519435
8519435,41.868961,-87.685594,1301845206.0,8519319,8519546
8519546,41.868974,-87.685858,1301845209.0,8519435,8519697
8519697,41.869109,-87.686035,1301845213.0,8519546,8519966
8519966,41.869301,-87.686049,1301845221.0,8519697,8520116
8520116,41.869517,-87.686082,1301845225.0,8519966,8520232
8520232,41.869773,-87.686104,1301845228.0,8520116,8520282
8520282,41.869966,-87.686116,1301845230.0,8520232,8520332
8520332,41.870162,-87.686123,1301845232.0,8520282,8520399
8520399,41.87035,-87.686137,1301845234.0,8520332,8520492
8520492,41.870609,-87.686143,1301845237.0,8520399,8520587
8520587,41.870843,-87.686148,1301845240.0,8520492,8520681
8520681,41.87109,-87.68615,1301845243.0,8520587,8520740
8520740,41.871273,-87.686158,1301845245.0,8520681,8520803
8520803,41.871458,-87.686178,1301845247.0,8520740,8520866
8520866,41.871645,-87.68619,1301845249.0,8520803,8520939
8520939,41.871839,-87.686199,1301845251.0,8520866,8521015
8521015,41.872036,-87.686198,1301845253.0,8520939,8521089
8521089,41.872233,-87.686192,1301845255.0,8521015,8521166
8521166,41.872435,-87.686187,1301845257.0,8521089,8521238
8521238,41.872639,-87.686185,1301845259.0,8521166,8521320
8521320,41.872841,-87.686192,1301845261.0,8521238,8521395
8521395,41.873038,-87.686204,1301845263.0,8521320,8521462
8521462,41.873226,-87.686218,1301845265.0,8521395,8521563
8521563,41.873468,-87.686226,1301845268.0,8521462,8521669
8521669,41.873653,-87.686218,1301845271.0,8521563,8521958
8521958,41.873838,-87.686121,1301845279.0,8521669,8522089
8522089,41.873873,-87.685816,1301845283.0,8521958,8522194
8522194,41.873884,-87.685468,1301845286.0,8522089,8522269
8522269,41.873889,-87.685167,1301845288.0,8522194,8522346
8522346,41.873894,-87.684841,1301845290.0,8522269,8522418
8522418,41.873894,-87.684501,1301845292.0,8522346,8522488
8522488,41.873892,-87.684157,1301845294.0,8522418,8522559
8522559,41.873895,-87.683807,1301845296.0,8522488,8522630
8522630,41.873902,-87.683464,1301845298.0,8522559,8522708
8522708,41.873908,-87.683137,1301845300.0,8522630,8522783
8522783,41.873912,-87.682828,1301845302.0,8522708,8522857
8522857,41.873914,-87.682532,1301845304.0,8522783,8522925
8522925,41.873915,-87.682245,1301845306.0,8522857,8523003
8523003,41.873918,-87.681973,1301845308.0,8522925,8523116
8523116,41.87393,-87.681653,1301845311.0,8523003,8523284
8523284,41.873944,-87.681406,1301845316.0,8523116,8523428
8523428,41.873955,-87.681112,1301845320.0,8523284,8523538
8523538,41.873963,-87.680771,1301845323.0,8523428,8523594
8523594,41.87397,-87.680487,1301845325.0,8523538,8523673
8523673,41.873975,-87.680192,1301845327.0,8523594,8523751
8523751,41.873989,-87.679893,1301845329.0,8523673,8523824
8523824,41.873999,-87.679603,1301845331.0,8523751,8523905
8523905,41.874005,-87.67932,1301845333.0,8523824,8523965
8523965,41.874014,-87.67904,1301845335.0,8523905,8524026
8524026,41.874021,-87.678762,1301845337.0,8523965,8524099
8524099,41.874024,-87.678487,1301845339.0,8524026,8524172
8524172,41.874029,-87.678201,1301845341.0,8524099,8524244
8524244,41.874031,-87.677913,1301845343.0,8524172,8524322
8524322,41.87403,-87.677625,1301845345.0,8524244,8524397
8524397,41.874029,-87.677356,1301845347.0,8524322,8524469
8524469,41.874026,-87.677109,1301845349.0,8524397,8524572
8524572,41.874039,-87.676824,1301845352.0,8524469,8524717
8524717,41.873913,-87.67662,1301845356.0,8524572,8524868
8524868,41.873678,-87.676524,1301845360.0,8524717,8524977
8524977,41.873489,-87.676486,1301845363.0,8524868,8525124
8525124,41.873275,-87.676453,1301845367.0,8524977,8525286
8525286,41.873078,-87.676443,1301845372.0,8525124,8526258
8526258,41.872873,-87.676409,1301845399.0,8525286,8526372
8526372,41.872607,-87.676401,1301845402.0,8526258,8526445
8526445,41.872386,-87.676391,1301845404.0,8526372,8526512
8526512,41.872159,-87.676369,1301845406.0,8526445,8526587
8526587,41.871941,-87.676345,1301845408.0,8526512,8526661
8526661,41.871746,-87.676339,1301845410.0,8526587,8526762
8526762,41.871549,-87.67632,1301845413.0,8526661,8526912
8526912,41.871452,-87.676108,1301845417.0,8526762,8527017
8527017,41.871459,-87.675811,1301845420.0,8526912,8527127
8527127,41.871462,-87.6755,1301845423.0,8527017,8527271
8527271,41.87148,-87.675232,1301845427.0,8527127,8528023
8528023,41.871523,-87.674979,1301845448.0,8527271,8528325
8528325,41.8715,-87.674695,1301845456.0,8528023,8528536
8528536,41.871533,-87.674431,1301845462.0,8528325,8528672
8528672,41.871573,-87.674159,1301845466.0,8528536,8528860
8528860,41.871608,-87.67389,1301845471.0,8528672,8529365
8529365,41.871617,-87.673567,1301845485.0,8528860,8529469
8529469,41.871643,-87.673236,1301845488.0,8529365,8529538
8529538,41.871657,-87.672976,1301845490.0,8529469,8529609
8529609,41.871652,-87.672708,1301845492.0,8529538,8529683
8529683,41.871636,-87.672437,1301845494.0,8529609,8529760
8529760,41.871611,-87.672187,1301845496.0,8529683,8529874
8529874,41.87159,-87.671938,1301845499.0,8529760,8530324
8530324,41.871542,-87.671702,1301845512.0,8529874,8530466
8530466,41.871524,-87.671373,1301845516.0,8530324,8530540
8530540,41.87153,-87.671127,1301845518.0,8530466,8530614
8530614,41.871537,-87.670881,1301845520.0,8530540,8530686
8530686,41.871542,-87.670634,1301845522.0,8530614,8530792
8530792,41.871538,-87.670321,1301845525.0,8530686,8531331
8531331,41.871522,-87.670058,1301845540.0,8530792,8531851
8531851,41.871475,-87.669806,1301845558.0,8531331,8532094
8532094,41.871301,-87.669645,1301845565.0,8531851,8532203
8532203,41.871101,-87.669626,1301845568.0,8532094,8532273
8532273,41.870911,-87.669613,1301845570.0,8532203,8532341
8532341,41.870686,-87.66953,1301845572.0,8532273,8532412
8532412,41.87046,-87.669436,1301845574.0,8532341,8532486
8532486,41.870238,-87.669364,1301845576.0,8532412,8532553
8532553,41.870027,-87.669302,1301845578.0,8532486,8532624
8532624,41.869832,-87.669263,1301845580.0,8532553,8532730
8532730,41.869589,-87.669213,1301845583.0,8532624,8532907
8532907,41.869414,-87.669114,1301845588.0,8532730,8533124
8533124,41.869288,-87.668929,1301845594.0,8532907,8533258
8533258,41.869262,-87.668632,1301845598.0,8533124,8533359
8533359,41.869265,-87.668321,1301845601.0,8533258,8533431
8533431,41.869262,-87.668064,1301845603.0,8533359,8533495
8533495,41.869253,-87.667785,1301845605.0,8533431,8533549
8533549,41.869241,-87.667501,1301845607.0,8533495,8533628
8533628,41.869234,-87.667248,1301845609.0,8533549,8533743
8533743,41.869209,-87.666992,1301845612.0,8533628,8534331
8534331,41.869233,-87.666752,1301845629.0,8533743,None
