25118305,41.865813,-87.646809,1303916358.0,None,25118911
25118911,41.865618,-87.646778,1303916384.0,25118305,25119163
25119163,41.86542,-87.646726,1303916394.0,25118911,25119324
25119324,41.865231,-87.646715,1303916400.0,25119163,25119480
25119480,41.865042,-87.646713,1303916406.0,25119324,25119971
25119971,41.864838,-87.646694,1303916424.0,25119480,25120069
25120069,41.864595,-87.646654,1303916428.0,25119971,25120151
25120151,41.864385,-87.646667,1303916431.0,25120069,25120225
25120225,41.864127,-87.646678,1303916434.0,25120151,25120285
25120285,41.863919,-87.646666,1303916436.0,25120225,25120341
25120341,41.863706,-87.64664,1303916438.0,25120285,25120401
25120401,41.863483,-87.646621,1303916440.0,25120341,25120460
25120460,41.86327,-87.646602,1303916442.0,25120401,25120516
25120516,41.863053,-87.646597,1303916444.0,25120460,25120570
25120570,41.862854,-87.646593,1303916446.0,25120516,25120658
25120658,41.862656,-87.646604,1303916449.0,25120570,25120796
25120796,41.86251,-87.646789,1303916454.0,25120658,25120917
25120917,41.862489,-87.647105,1303916458.0,25120796,25121013
25121013,41.86247,-87.647438,1303916461.0,25120917,25121076
25121076,41.862445,-87.647684,1303916463.0,25121013,25121131
25121131,41.862402,-87.648047,1303916466.0,25121076,25121220
25121220,41.862364,-87.648312,1303916469.0,25121131,25121372
25121372,41.862319,-87.648589,1303916474.0,25121220,25121498
25121498,41.862304,-87.648831,1303916478.0,25121372,25121592
25121592,41.862293,-87.649074,1303916481.0,25121498,25121683
25121683,41.862278,-87.649342,1303916484.0,25121592,25121767
25121767,41.862269,-87.649613,1303916487.0,25121683,25121832
25121832,41.862263,-87.649864,1303916490.0,25121767,25121930
25121930,41.862244,-87.650115,1303916493.0,25121832,25122066
25122066,41.862229,-87.650403,1303916497.0,25121930,25122309
25122309,41.862218,-87.650663,1303916505.0,25122066,25122499
25122499,41.862383,-87.650807,1303916511.0,25122309,25122631
25122631,41.862621,-87.650811,1303916515.0,25122499,25122737
25122737,41.862843,-87.650822,1303916518.0,25122631,25122840
25122840,41.863041,-87.650841,1303916521.0,25122737,25122974
25122974,41.863243,-87.650861,1303916525.0,25122840,25123166
25123166,41.863435,-87.65088,1303916531.0,25122974,25123297
25123297,41.863615,-87.650901,1303916535.0,25123166,25123427
25123427,41.863838,-87.650903,1303916539.0,25123297,25123574
25123574,41.864077,-87.650912,1303916543.0,25123427,25123702
25123702,41.86431,-87.650927,1303916547.0,25123574,25123840
25123840,41.864491,-87.650934,1303916551.0,25123702,25124078
25124078,41.864721,-87.650958,1303916558.0,25123840,25124184
25124184,41.864959,-87.650966,1303916561.0,25124078,25124257
25124257,41.865161,-87.650974,1303916563.0,25124184,25124330
25124330,41.865382,-87.650979,1303916565.0,25124257,25124401
25124401,41.865595,-87.650982,1303916567.0,25124330,25124466
25124466,41.865804,-87.650991,1303916569.0,25124401,25124539
25124539,41.866006,-87.651,1303916571.0,25124466,25124612
25124612,41.866202,-87.651003,1303916573.0,25124539,25124682
25124682,41.866389,-87.651007,1303916575.0,25124612,25124778
25124778,41.866641,-87.651024,1303916578.0,25124682,25124955
25124955,41.866828,-87.651037,1303916583.0,25124778,25125842
25125842,41.867008,-87.651062,1303916608.0,25124955,25125988
25125988,41.86711,-87.651292,1303916612.0,25125842,25126101
25126101,41.867112,-87.651584,1303916615.0,25125988,25126247
25126247,41.867106,-87.651839,1303916619.0,25126101,25126701
25126701,41.867103,-87.652163,1303916632.0,25126247,25126813
25126813,41.867091,-87.652515,1303916635.0,25126701,25126888
25126888,41.867085,-87.65277,1303916637.0,25126813,25126965
25126965,41.867079,-87.653028,1303916639.0,25126888,25127040
25127040,41.867074,-87.653292,1303916641.0,25126965,25127111
25127111,41.867066,-87.65356,1303916643.0,25127040,25127180
25127180,41.867057,-87.653832,1303916645.0,25127111,25127256
25127256,41.867052,-87.654093,1303916647.0,25127180,25127331
25127331,41.867045,-87.654343,1303916649.0,25127256,25127438
25127438,41.867036,-87.654639,1303916652.0,25127331,25127555
25127555,41.86703,-87.654904,1303916656.0,25127438,25127784
25127784,41.867012,-87.655173,1303916663.0,25127555,25128000
25128000,41.866977,-87.655428,1303916671.0,25127784,25128185
25128185,41.866975,-87.655708,1303916678.0,25128000,25128314
25128314,41.866974,-87.656043,1303916682.0,25128185,25128418
25128418,41.866976,-87.656355,1303916685.0,25128314,25128515
25128515,41.866994,-87.656597,1303916688.0,25128418,25128657
25128657,41.867195,-87.656684,1303916692.0,25128515,25128765
25128765,41.867445,-87.65668,1303916695.0,25128657,25128840
25128840,41.867658,-87.656687,1303916697.0,25128765,25128912
25128912,41.867892,-87.656693,1303916699.0,25128840,25128987
25128987,41.868133,-87.656705,1303916701.0,25128912,25129054
25129054,41.868365,-87.656715,1303916703.0,25128987,25129124
25129124,41.868582,-87.656722,1303916705.0,25129054,25129196
25129196,41.868777,-87.656722,1303916707.0,25129124,25129286
25129286,41.868985,-87.656715,1303916710.0,25129196,25130263
25130263,41.869182,-87.656702,1303916737.0,25129286,25130409
25130409,41.869414,-87.656713,1303916741.0,25130263,25130506
25130506,41.869715,-87.656743,1303916745.0,25130409,25130608
25130608,41.869986,-87.656758,1303916748.0,25130506,25130679
25130679,41.870187,-87.656764,1303916750.0,25130608,25130752
25130752,41.870399,-87.656763,1303916752.0,25130679,25130826
25130826,41.870616,-87.656765,1303916754.0,25130752,25130905
25130905,41.870841,-87.656775,1303916756.0,25130826,25130983
25130983,41.871072,-87.656782,1303916758.0,25130905,25131049
25131049,41.871304,-87.65678,1303916760.0,25130983,25131113
25131113,41.871527,-87.656788,1303916762.0,25131049,25131179
25131179,41.871731,-87.656784,1303916764.0,25131113,25131248
25131248,41.871911,-87.656776,1303916766.0,25131179,25131377
25131377,41.872125,-87.656766,1303916770.0,25131248,25131640
25131640,41.872319,-87.65677,1303916777.0,25131377,25131749
25131749,41.872561,-87.656772,1303916780.0,25131640,25131823
25131823,41.872778,-87.656762,1303916782.0,25131749,25131893
25131893,41.873026,-87.656752,1303916784.0,25131823,25131957
25131957,41.873278,-87.656738,1303916786.0,25131893,25132026
25132026,41.873511,-87.656737,1303916788.0,25131957,25132098
25132098,41.873704,-87.656734,1303916790.0,25132026,25132212
25132212,41.873902,-87.656725,1303916793.0,25132098,25132389
25132389,41.874106,-87.656711,1303916798.0,25132212,25133176
25133176,41.874221,-87.656512,1303916820.0,25132389,25133268
25133268,41.874225,-87.656265,1303916823.0,25133176,25133383
25133383,41.874236,-87.655924,1303916826.0,25133268,25133457
25133457,41.87424,-87.655673,1303916828.0,25133383,25133530
25133530,41.874242,-87.655403,1303916830.0,25133457,25133601
25133601,41.874246,-87.655122,1303916832.0,25133530,25133677
25133677,41.874248,-87.654842,1303916834.0,25133601,25133753
25133753,41.874248,-87.654553,1303916836.0,25133677,25133813
25133813,41.87425,-87.654258,1303916838.0,25133753,25133875
25133875,41.874254,-87.653965,1303916840.0,25133813,25133940
25133940,41.874262,-87.653673,1303916842.0,25133875,25134009
25134009,41.874269,-87.653387,1303916844.0,25133940,25134081
25134081,41.874278,-87.653121,1303916846.0,25134009,25134158
25134158,41.874286,-87.652877,1303916848.0,25134081,25134271
25134271,41.874286,-87.652538,1303916851.0,25134158,25134379
25134379,41.874269,-87.652245,1303916854.0,25134271,25134578
25134578,41.874245,-87.652001,1303916860.0,25134379,None
