106215958,41.867131,-87.653221,1302312275.0,None,106216128
106216128,41.867136,-87.653497,1302312280.0,106215958,106216246
106216246,41.867127,-87.653802,1302312284.0,106216128,106216347
106216347,41.867116,-87.654096,1302312287.0,106216246,106216453
106216453,41.867101,-87.654423,1302312290.0,106216347,106216561
106216561,41.86709,-87.654767,1302312293.0,106216453,106216635
106216635,41.867089,-87.655014,1302312295.0,106216561,106216701
106216701,41.867086,-87.655256,1302312297.0,106216635,106216799
106216799,41.867085,-87.655602,1302312300.0,106216701,106216901
106216901,41.867085,-87.655917,1302312303.0,106216799,106217015
106217015,41.867085,-87.65617,1302312306.0,106216901,106217235
106217235,41.867082,-87.656416,1302312312.0,106217015,106217615
106217615,41.867182,-87.656635,1302312323.0,106217235,106217800
106217800,41.867379,-87.656667,1302312328.0,106217615,106217911
106217911,41.867565,-87.656679,1302312331.0,106217800,106218016
106218016,41.867765,-87.656684,1302312334.0,106217911,106218114
106218114,41.867963,-87.656703,1302312337.0,106218016,106218218
106218218,41.868175,-87.656716,1302312340.0,106218114,106218318
106218318,41.868405,-87.656711,1302312343.0,106218218,106218438
106218438,41.868644,-87.656698,1302312346.0,106218318,106218558
106218558,41.868882,-87.6567,1302312349.0,106218438,106218666
106218666,41.869117,-87.656692,1302312352.0,106218558,106218774
106218774,41.869345,-87.656688,1302312355.0,106218666,106218875
106218875,41.86955,-87.656705,1302312358.0,106218774,106218985
106218985,41.869761,-87.656721,1302312361.0,106218875,106219094
106219094,41.869991,-87.656733,1302312364.0,106218985,106219205
106219205,41.870234,-87.656739,1302312367.0,106219094,106219321
106219321,41.870479,-87.656737,1302312370.0,106219205,106219425
106219425,41.870718,-87.65674,1302312373.0,106219321,106219526
106219526,41.870955,-87.656747,1302312376.0,106219425,106219639
106219639,41.871199,-87.656754,1302312379.0,106219526,106219749
106219749,41.87144,-87.656767,1302312382.0,106219639,106219861
106219861,41.871674,-87.656786,1302312385.0,106219749,106219980
106219980,41.871881,-87.656777,1302312388.0,106219861,106220126
106220126,41.872092,-87.656759,1302312392.0,106219980,106220404
106220404,41.872275,-87.656742,1302312400.0,106220126,106220600
106220600,41.872479,-87.656736,1302312405.0,106220404,106220743
106220743,41.872706,-87.656727,1302312409.0,106220600,106220840
106220840,41.872912,-87.656721,1302312412.0,106220743,106220948
106220948,41.873129,-87.656705,1302312415.0,106220840,106221053
106221053,41.873355,-87.656692,1302312418.0,106220948,106221168
106221168,41.873561,-87.656699,1302312421.0,106221053,106221322
106221322,41.87379,-87.656712,1302312425.0,106221168,106221502
106221502,41.873979,-87.656724,1302312430.0,106221322,106221865
106221865,41.874162,-87.656726,1302312440.0,106221502,106222092
106222092,41.874229,-87.656501,1302312446.0,106221865,106222262
106222262,41.874218,-87.656209,1302312451.0,106222092,106222409
106222409,41.874223,-87.655913,1302312455.0,106222262,106222514
106222514,41.874222,-87.655662,1302312458.0,106222409,106222637
106222637,41.874222,-87.655381,1302312461.0,106222514,106222746
106222746,41.874222,-87.655088,1302312464.0,106222637,106222849
106222849,41.874224,-87.654785,1302312467.0,106222746,106222958
106222958,41.874227,-87.654481,1302312470.0,106222849,106223063
106223063,41.874231,-87.654168,1302312473.0,106222958,106223176
106223176,41.874231,-87.653855,1302312476.0,106223063,106223280
106223280,41.874238,-87.653558,1302312479.0,106223176,106223394
106223394,41.874255,-87.653274,1302312482.0,106223280,106223508
106223508,41.874267,-87.652996,1302312485.0,106223394,106223623
106223623,41.874276,-87.65271,1302312488.0,106223508,106223736
106223736,41.874276,-87.65245,1302312491.0,106223623,106223905
106223905,41.874277,-87.652207,1302312496.0,106223736,106224080
106224080,41.874284,-87.651952,1302312501.0,106223905,106224226
106224226,41.874294,-87.651678,1302312505.0,106224080,106224341
106224341,41.874309,-87.651423,1302312508.0,106224226,106224418
106224418,41.874322,-87.651151,1302312511.0,106224341,106224533
106224533,41.874331,-87.650868,1302312514.0,106224418,106224641
106224641,41.874333,-87.650564,1302312517.0,106224533,106224744
106224744,41.874332,-87.650268,1302312520.0,106224641,106224857
106224857,41.874321,-87.65,1302312523.0,106224744,106224958
106224958,41.87432,-87.649744,1302312526.0,106224857,106225066
106225066,41.874327,-87.64949,1302312529.0,106224958,106225176
106225176,41.87434,-87.649221,1302312532.0,106225066,106225293
106225293,41.874349,-87.648933,1302312535.0,106225176,106225401
106225401,41.874346,-87.648632,1302312538.0,106225293,106225513
106225513,41.874342,-87.648361,1302312541.0,106225401,106225613
106225613,41.874327,-87.64809,1302312544.0,106225513,106225714
106225714,41.874301,-87.647811,1302312547.0,106225613,106225826
106225826,41.874277,-87.647571,1302312550.0,106225714,106226519
106226519,41.87424,-87.64732,1302312572.0,106225826,106226725
106226725,41.874076,-87.647218,1302312578.0,106226519,106226870
106226870,41.873883,-87.647203,1302312582.0,106226725,106227014
106227014,41.873671,-87.647206,1302312586.0,106226870,106227111
106227111,41.873482,-87.647211,1302312589.0,106227014,106227224
106227224,41.873268,-87.647216,1302312592.0,106227111,106227327
106227327,41.873047,-87.647219,1302312595.0,106227224,106227436
106227436,41.872831,-87.647224,1302312598.0,106227327,106227539
106227539,41.872632,-87.64722,1302312601.0,106227436,106227688
106227688,41.8724,-87.647214,1302312605.0,106227539,106227827
106227827,41.872219,-87.647212,1302312609.0,106227688,106228394
106228394,41.872021,-87.647195,1302312625.0,106227827,106228530
106228530,41.871833,-87.647197,1302312629.0,106228394,106228634
106228634,41.871636,-87.647202,1302312632.0,106228530,106228746
106228746,41.871393,-87.647201,1302312635.0,106228634,106228855
106228855,41.871132,-87.6472,1302312638.0,106228746,106228932
106228932,41.870946,-87.647198,1302312640.0,106228855,106229002
106229002,41.870751,-87.647189,1302312642.0,106228932,106229071
106229071,41.870563,-87.647182,1302312644.0,106229002,106229139
106229139,41.870382,-87.647181,1302312646.0,106229071,106229245
106229245,41.870115,-87.647174,1302312649.0,106229139,106229350
106229350,41.869866,-87.647165,1302312652.0,106229245,106229460
106229460,41.869608,-87.647158,1302312655.0,106229350,106229567
106229567,41.869345,-87.647152,1302312658.0,106229460,106229680
106229680,41.869081,-87.647145,1302312661.0,106229567,106229786
106229786,41.868819,-87.647142,1302312664.0,106229680,106229894
106229894,41.868563,-87.647139,1302312667.0,106229786,106229999
106229999,41.868319,-87.647135,1302312670.0,106229894,106230104
106230104,41.868106,-87.64714,1302312673.0,106229999,106230242
106230242,41.867875,-87.647153,1302312677.0,106230104,None
