69190264,41.879678,-87.640697,1302645654.0,None,69190554
69190554,41.87948,-87.640767,1302645668.0,69190264,69190658
69190658,41.879315,-87.640873,1302645674.0,69190554,69190824
69190824,41.879318,-87.641165,1302645684.0,69190658,69190905
69190905,41.879346,-87.641485,1302645688.0,69190824,69190977
69190977,41.879339,-87.64178,1302645691.0,69190905,69191070
69191070,41.879338,-87.642079,1302645695.0,69190977,69191377
69191377,41.879305,-87.642317,1302645708.0,69191070,69191610
69191610,41.879279,-87.642569,1302645718.0,69191377,69191683
69191683,41.879271,-87.642861,1302645721.0,69191610,69191758
69191758,41.879262,-87.643201,1302645724.0,69191683,69191830
69191830,41.879253,-87.643555,1302645727.0,69191758,69191886
69191886,41.879251,-87.643805,1302645729.0,69191830,69191938
69191938,41.879245,-87.644063,1302645731.0,69191886,69191987
69191987,41.879238,-87.644328,1302645733.0,69191938,69192040
69192040,41.87923,-87.644607,1302645735.0,69191987,69192093
69192093,41.879227,-87.644896,1302645737.0,69192040,69192145
69192145,41.879221,-87.645189,1302645739.0,69192093,69192196
69192196,41.879214,-87.645473,1302645741.0,69192145,69192252
69192252,41.879208,-87.645751,1302645743.0,69192196,69192302
69192302,41.879203,-87.646035,1302645745.0,69192252,69192353
69192353,41.8792,-87.646321,1302645747.0,69192302,69192407
69192407,41.879194,-87.646606,1302645749.0,69192353,69192466
69192466,41.879187,-87.646877,1302645751.0,69192407,69192519
69192519,41.879182,-87.647126,1302645753.0,69192466,69192606
69192606,41.879179,-87.64748,1302645756.0,69192519,69192680
69192680,41.879177,-87.647843,1302645759.0,69192606,69192759
69192759,41.879172,-87.648197,1302645762.0,69192680,69192843
69192843,41.879166,-87.648502,1302645765.0,69192759,69192929
69192929,41.879162,-87.64879,1302645768.0,69192843,69193016
69193016,41.879159,-87.649057,1302645771.0,69192929,69193117
69193117,41.879159,-87.649358,1302645775.0,69193016,69193551
69193551,41.879158,-87.649609,1302645790.0,69193117,69193665
69193665,41.879154,-87.649871,1302645794.0,69193551,69193747
69193747,41.879144,-87.650115,1302645797.0,69193665,69193841
69193841,41.879142,-87.65036,1302645800.0,69193747,69194026
69194026,41.87914,-87.650606,1302645806.0,69193841,69194475
69194475,41.879133,-87.650903,1302645821.0,69194026,69194564
69194564,41.879117,-87.651183,1302645824.0,69194475,69194655
69194655,41.879107,-87.651506,1302645827.0,69194564,69194744
69194744,41.879094,-87.651844,1302645830.0,69194655,69194842
69194842,41.879087,-87.652198,1302645833.0,69194744,69194909
69194909,41.87908,-87.652445,1302645835.0,69194842,69194974
69194974,41.879072,-87.652699,1302645837.0,69194909,69195038
69195038,41.879063,-87.652957,1302645839.0,69194974,69195100
69195100,41.879061,-87.653214,1302645841.0,69195038,69195164
69195164,41.879054,-87.65347,1302645843.0,69195100,69195229
69195229,41.879049,-87.653722,1302645845.0,69195164,69195330
69195330,41.879042,-87.65406,1302645848.0,69195229,69195432
69195432,41.879032,-87.654305,1302645851.0,69195330,69195683
69195683,41.879028,-87.654552,1302645859.0,69195432,69195817
69195817,41.879021,-87.654836,1302645863.0,69195683,69195947
69195947,41.879014,-87.65515,1302645867.0,69195817,69196053
69196053,41.879006,-87.655446,1302645870.0,69195947,69196160
69196160,41.878993,-87.655758,1302645873.0,69196053,69196258
69196258,41.878981,-87.656076,1302645876.0,69196160,69196357
69196357,41.878969,-87.656369,1302645879.0,69196258,69196486
69196486,41.878961,-87.656619,1302645883.0,69196357,69196922
69196922,41.878966,-87.65688,1302645896.0,69196486,69197031
69197031,41.878965,-87.657135,1302645899.0,69196922,69197133
69197133,41.878959,-87.657456,1302645902.0,69197031,69197195
69197195,41.878946,-87.657702,1302645904.0,69197133,69197264
69197264,41.878937,-87.657965,1302645906.0,69197195,69197335
69197335,41.878926,-87.658231,1302645908.0,69197264,69197400
69197400,41.878918,-87.658486,1302645910.0,69197335,69197507
69197507,41.878902,-87.658801,1302645913.0,69197400,69197653
69197653,41.878896,-87.659099,1302645917.0,69197507,69197939
69197939,41.878893,-87.659345,1302645925.0,69197653,69198111
69198111,41.878896,-87.65968,1302645930.0,69197939,69198218
69198218,41.878901,-87.660026,1302645933.0,69198111,69198295
69198295,41.878893,-87.660281,1302645935.0,69198218,69198370
69198370,41.878891,-87.660542,1302645937.0,69198295,69198437
69198437,41.87889,-87.660795,1302645939.0,69198370,69198536
69198536,41.878892,-87.661117,1302645942.0,69198437,69198686
69198686,41.878904,-87.661365,1302645946.0,69198536,69199341
69199341,41.878852,-87.661644,1302645964.0,69198686,69199453
69199453,41.878847,-87.661925,1302645967.0,69199341,69199571
69199571,41.878838,-87.662276,1302645970.0,69199453,69199643
69199643,41.87883,-87.662525,1302645972.0,69199571,69199720
69199720,41.878824,-87.662784,1302645974.0,69199643,69199789
69199789,41.878819,-87.663044,1302645976.0,69199720,69199860
69199860,41.878812,-87.663296,1302645978.0,69199789,69199961
69199961,41.878806,-87.663631,1302645981.0,69199860,69200074
69200074,41.878801,-87.663889,1302645984.0,69199961,69200229
69200229,41.878797,-87.664131,1302645988.0,69200074,69200460
69200460,41.878794,-87.66445,1302645996.0,69200229,69200547
69200547,41.878786,-87.664768,1302645999.0,69200460,69200610
69200610,41.878783,-87.66502,1302646001.0,69200547,69200669
69200669,41.878783,-87.665276,1302646003.0,69200610,69200732
69200732,41.878779,-87.66553,1302646005.0,69200669,69200795
69200795,41.878773,-87.665776,1302646007.0,69200732,69200902
69200902,41.878767,-87.666069,1302646010.0,69200795,69201478
69201478,41.87877,-87.666325,1302646027.0,69200902,69201663
69201663,41.878765,-87.66662,1302646032.0,69201478,69201831
69201831,41.878629,-87.666779,1302646037.0,69201663,69201972
69201972,41.878399,-87.666763,1302646041.0,69201831,69202084
69202084,41.878137,-87.666759,1302646044.0,69201972,69202155
69202155,41.877952,-87.666754,1302646046.0,69202084,69202216
69202216,41.87777,-87.666751,1302646048.0,69202155,69202324
69202324,41.877513,-87.666746,1302646051.0,69202216,69202437
69202437,41.877323,-87.666744,1302646054.0,69202324,None
