108790081,41.869272,-87.686086,1302986413.0,None,108790315
108790315,41.869454,-87.686087,1302986435.0,108790081,108790354
108790354,41.86971,-87.686092,1302986438.0,108790315,108790380
108790380,41.869915,-87.686097,1302986440.0,108790354,108790408
108790408,41.870125,-87.686104,1302986442.0,108790380,108790436
108790436,41.870326,-87.686114,1302986444.0,108790408,108790464
108790464,41.870514,-87.686118,1302986446.0,108790436,108790508
108790508,41.870744,-87.686128,1302986449.0,108790464,108790599
108790599,41.870939,-87.686131,1302986455.0,108790508,108790695
108790695,41.87116,-87.686143,1302986461.0,108790599,108790745
108790745,41.871346,-87.686143,1302986464.0,108790695,108790796
108790796,41.871564,-87.686149,1302986467.0,108790745,108790847
108790847,41.871781,-87.686157,1302986470.0,108790796,108790899
108790899,41.87201,-87.686164,1302986473.0,108790847,108790952
108790952,41.872246,-87.686171,1302986476.0,108790899,108791005
108791005,41.872483,-87.686172,1302986479.0,108790952,108791061
108791061,41.872707,-87.686173,1302986482.0,108791005,108791117
108791117,41.872932,-87.686178,1302986485.0,108791061,108791160
108791160,41.873131,-87.686181,1302986488.0,108791117,108791218
108791218,41.873339,-87.686177,1302986493.0,108791160,108791547
108791547,41.873533,-87.686168,1302986511.0,108791218,108791650
108791650,41.873731,-87.686161,1302986516.0,108791547,108791996
108791996,41.873918,-87.686123,1302986532.0,108791650,108792132
108792132,41.873925,-87.685876,1302986538.0,108791996,108792202
108792202,41.873907,-87.685583,1302986541.0,108792132,108792247
108792247,41.873897,-87.685334,1302986543.0,108792202,108792296
108792296,41.873899,-87.685055,1302986545.0,108792247,108792345
108792345,41.873901,-87.684761,1302986547.0,108792296,108792395
108792395,41.873901,-87.684464,1302986549.0,108792345,108792442
108792442,41.873907,-87.684171,1302986551.0,108792395,108792490
108792490,41.873925,-87.683882,1302986553.0,108792442,108792539
108792539,41.873931,-87.683588,1302986555.0,108792490,108792586
108792586,41.873927,-87.683272,1302986557.0,108792539,108792635
108792635,41.873929,-87.682949,1302986559.0,108792586,108792687
108792687,41.873937,-87.682629,1302986561.0,108792635,108792736
108792736,41.873943,-87.682328,1302986563.0,108792687,108792785
108792785,41.873945,-87.682044,1302986565.0,108792736,108792835
108792835,41.873949,-87.681791,1302986567.0,108792785,108792911
108792911,41.87396,-87.681523,1302986570.0,108792835,108793066
108793066,41.873967,-87.681236,1302986576.0,108792911,108793138
108793138,41.873967,-87.680908,1302986579.0,108793066,108793191
108793191,41.873968,-87.680628,1302986581.0,108793138,108793245
108793245,41.873973,-87.680308,1302986583.0,108793191,108793302
108793302,41.873981,-87.679975,1302986585.0,108793245,108793350
108793350,41.873994,-87.679633,1302986587.0,108793302,108793405
108793405,41.873999,-87.679289,1302986589.0,108793350,108793458
108793458,41.874002,-87.678946,1302986591.0,108793405,108793512
108793512,41.874009,-87.678612,1302986593.0,108793458,108793563
108793563,41.874016,-87.678279,1302986595.0,108793512,108793619
108793619,41.874018,-87.677943,1302986597.0,108793563,108793674
108793674,41.87402,-87.677618,1302986599.0,108793619,108793734
108793734,41.874024,-87.677304,1302986601.0,108793674,108793786
108793786,41.874029,-87.677019,1302986603.0,108793734,108793871
108793871,41.874026,-87.676704,1302986606.0,108793786,108793980
108793980,41.873954,-87.676478,1302986610.0,108793871,108794063
108794063,41.873746,-87.676448,1302986613.0,108793980,108794121
108794121,41.873552,-87.676437,1302986615.0,108794063,108794180
108794180,41.873354,-87.676427,1302986617.0,108794121,108794269
108794269,41.873113,-87.676421,1302986620.0,108794180,108794840
108794840,41.872922,-87.676414,1302986640.0,108794269,108794966
108794966,41.872722,-87.676374,1302986644.0,108794840,108795045
108795045,41.87246,-87.676368,1302986647.0,108794966,108795103
108795103,41.872249,-87.676363,1302986649.0,108795045,108795162
108795162,41.872036,-87.676341,1302986651.0,108795103,108795220
108795220,41.871834,-87.67632,1302986653.0,108795162,108795317
108795317,41.871596,-87.67631,1302986656.0,108795220,108795454
108795454,41.871432,-87.676209,1302986660.0,108795317,108795538
108795538,41.871411,-87.675969,1302986663.0,108795454,108795622
108795622,41.871424,-87.675635,1302986666.0,108795538,108795706
108795706,41.871441,-87.675313,1302986669.0,108795622,108795901
108795901,41.871466,-87.675068,1302986675.0,108795706,108796248
108796248,41.871551,-87.674781,1302986686.0,108795901,108796351
108796351,41.87157,-87.674421,1302986689.0,108796248,108796444
108796444,41.87159,-87.674147,1302986692.0,108796351,108796602
108796602,41.871618,-87.67387,1302986697.0,108796444,108796698
108796698,41.871621,-87.673556,1302986700.0,108796602,108796763
108796763,41.871637,-87.673287,1302986702.0,108796698,108796827
108796827,41.871644,-87.673009,1302986704.0,108796763,108796897
108796897,41.871658,-87.672744,1302986706.0,108796827,108796972
108796972,41.871661,-87.672497,1302986708.0,108796897,108797063
108797063,41.871661,-87.672202,1302986711.0,108796972,108797228
108797228,41.871635,-87.671961,1302986716.0,108797063,108797464
108797464,41.871629,-87.671632,1302986723.0,108797228,108797571
108797571,41.871629,-87.67132,1302986726.0,108797464,108797672
108797672,41.871643,-87.670963,1302986729.0,108797571,108797731
108797731,41.871644,-87.670718,1302986731.0,108797672,108797831
108797831,41.871633,-87.670358,1302986734.0,108797731,108797933
108797933,41.871618,-87.670008,1302986737.0,108797831,108798042
108798042,41.87161,-87.669674,1302986740.0,108797933,108798150
108798150,41.871587,-87.669406,1302986743.0,108798042,108798416
108798416,41.871539,-87.669148,1302986751.0,108798150,108798562
108798562,41.871343,-87.669109,1302986755.0,108798416,108798675
108798675,41.871108,-87.669091,1302986758.0,108798562,108798746
108798746,41.870902,-87.669056,1302986760.0,108798675,108798821
108798821,41.870675,-87.669014,1302986762.0,108798746,108798893
108798893,41.870438,-87.668991,1302986764.0,108798821,108798961
108798961,41.870197,-87.668976,1302986766.0,108798893,108799022
108799022,41.869958,-87.668976,1302986768.0,108798961,108799095
108799095,41.869735,-87.668965,1302986770.0,108799022,108799207
108799207,41.869493,-87.668934,1302986773.0,108799095,108799387
108799387,41.869312,-87.6689,1302986778.0,108799207,108799534
108799534,41.869203,-87.66868,1302986782.0,108799387,108799641
108799641,41.869197,-87.668343,1302986785.0,108799534,108799717
108799717,41.869193,-87.668072,1302986787.0,108799641,108799757
108799757,41.869172,-87.6678,1302986789.0,108799717,108799762
108799762,41.869165,-87.667512,1302986791.0,108799757,108799770
108799770,41.869161,-87.667246,1302986793.0,108799762,108799786
108799786,41.869151,-87.666952,1302986796.0,108799770,None
