99988461,41.870057,-87.676248,1303993023.0,None,99988477
99988477,41.870303,-87.676254,1303993025.0,99988461,99988494
99988494,41.870564,-87.676262,1303993027.0,99988477,99988512
99988512,41.870815,-87.676267,1303993029.0,99988494,99988531
99988531,41.871032,-87.676272,1303993031.0,99988512,99988561
99988561,41.871271,-87.676272,1303993034.0,99988531,99988626
99988626,41.871471,-87.676196,1303993040.0,99988561,99988662
99988662,41.871506,-87.675956,1303993043.0,99988626,99988698
99988698,41.871492,-87.675601,1303993046.0,99988662,99988737
99988737,41.871481,-87.67528,1303993049.0,99988698,99988913
99988913,41.871406,-87.675043,1303993062.0,99988737,99989050
99989050,41.871411,-87.674789,1303993071.0,99988913,99989097
99989097,41.871455,-87.674479,1303993074.0,99989050,99989149
99989149,41.871491,-87.674159,1303993077.0,99989097,99989215
99989215,41.871503,-87.673895,1303993081.0,99989149,99989301
99989301,41.871523,-87.673618,1303993086.0,99989215,99989391
99989391,41.871537,-87.673366,1303993091.0,99989301,99989706
99989706,41.871516,-87.673068,1303993108.0,99989391,99989769
99989769,41.871539,-87.672775,1303993111.0,99989706,99989808
99989808,41.871553,-87.672515,1303993113.0,99989769,99989848
99989848,41.871561,-87.672223,1303993115.0,99989808,99989886
99989886,41.871562,-87.671939,1303993117.0,99989848,99989926
99989926,41.871563,-87.671671,1303993119.0,99989886,99989966
99989966,41.871566,-87.6714,1303993121.0,99989926,99990010
99990010,41.871584,-87.671112,1303993123.0,99989966,99990056
99990056,41.871599,-87.670823,1303993125.0,99990010,99990097
99990097,41.871602,-87.670546,1303993127.0,99990056,99990139
99990139,41.871599,-87.670286,1303993129.0,99990097,99990184
99990184,41.871597,-87.67004,1303993131.0,99990139,99990248
99990248,41.871604,-87.669699,1303993134.0,99990184,99990317
99990317,41.87159,-87.6694,1303993137.0,99990248,99990409
99990409,41.871567,-87.669122,1303993141.0,99990317,99990611
99990611,41.871724,-87.668952,1303993150.0,99990409,99990686
99990686,41.871931,-87.668936,1303993153.0,99990611,99990734
99990734,41.872119,-87.668949,1303993155.0,99990686,99990783
99990783,41.872319,-87.668965,1303993157.0,99990734,99990833
99990833,41.872509,-87.668976,1303993159.0,99990783,99990901
99990901,41.872742,-87.668978,1303993162.0,99990833,99991068
99991068,41.872922,-87.668966,1303993169.0,99990901,99991145
99991145,41.873126,-87.66897,1303993172.0,99991068,99991222
99991222,41.87339,-87.668998,1303993175.0,99991145,99991296
99991296,41.873647,-87.669037,1303993178.0,99991222,99991369
99991369,41.873845,-87.669084,1303993181.0,99991296,99991822
99991822,41.874019,-87.66917,1303993198.0,99991369,99992204
99992204,41.874128,-87.668947,1303993212.0,99991822,99992285
99992285,41.874147,-87.668694,1303993215.0,99992204,99992369
99992369,41.874191,-87.668369,1303993218.0,99992285,99992430
99992430,41.874192,-87.668122,1303993220.0,99992369,99992485
99992485,41.874192,-87.667872,1303993222.0,99992430,99992575
99992575,41.874206,-87.667545,1303993225.0,99992485,99992660
99992660,41.874225,-87.667303,1303993228.0,99992575,99993017
99993017,41.874296,-87.66704,1303993240.0,99992660,99993104
99993104,41.874338,-87.666803,1303993243.0,99993017,99993191
99993191,41.874346,-87.666455,1303993246.0,99993104,99993254
99993254,41.874343,-87.666175,1303993248.0,99993191,99993311
99993311,41.87434,-87.665869,1303993250.0,99993254,99993372
99993372,41.874335,-87.665548,1303993252.0,99993311,99993430
99993430,41.874323,-87.665056,1303993255.0,99993372,99993497
99993497,41.874312,-87.664726,1303993257.0,99993430,99993561
99993561,41.874302,-87.664395,1303993259.0,99993497,99993623
99993623,41.874293,-87.664064,1303993261.0,99993561,99993688
99993688,41.874283,-87.663739,1303993263.0,99993623,99993751
99993751,41.874275,-87.66342,1303993265.0,99993688,99993811
99993811,41.87427,-87.663093,1303993267.0,99993751,99993872
99993872,41.874268,-87.662759,1303993269.0,99993811,99993932
99993932,41.87427,-87.662429,1303993271.0,99993872,99994001
99994001,41.874273,-87.662112,1303993273.0,99993932,99994063
99994063,41.874275,-87.661795,1303993275.0,99994001,99994122
99994122,41.874276,-87.661465,1303993277.0,99994063,99994184
99994184,41.874277,-87.661121,1303993279.0,99994122,99994247
99994247,41.874279,-87.660766,1303993281.0,99994184,99994296
99994296,41.874279,-87.660406,1303993283.0,99994247,99994360
99994360,41.874278,-87.660039,1303993285.0,99994296,99994421
99994421,41.874281,-87.659665,1303993287.0,99994360,99994484
99994484,41.874279,-87.659283,1303993289.0,99994421,99994547
99994547,41.874275,-87.6589,1303993291.0,99994484,99994610
99994610,41.874274,-87.658527,1303993293.0,99994547,99994679
99994679,41.87427,-87.65817,1303993295.0,99994610,99994740
99994740,41.874265,-87.657826,1303993297.0,99994679,99994801
99994801,41.874263,-87.657507,1303993299.0,99994740,99994865
99994865,41.874264,-87.657225,1303993301.0,99994801,99994932
99994932,41.874259,-87.65698,1303993303.0,99994865,99995003
99995003,41.874246,-87.656734,1303993305.0,99994932,99995070
99995070,41.874256,-87.656473,1303993307.0,99995003,99995129
99995129,41.87428,-87.656177,1303993309.0,99995070,99995188
99995188,41.874301,-87.65569,1303993312.0,99995129,99995238
99995238,41.874304,-87.65535,1303993314.0,99995188,99995307
99995307,41.874306,-87.655,1303993316.0,99995238,99995380
99995380,41.874311,-87.654641,1303993318.0,99995307,99995444
99995444,41.874315,-87.654278,1303993320.0,99995380,99995511
99995511,41.874322,-87.653908,1303993322.0,99995444,99995581
99995581,41.874331,-87.653543,1303993324.0,99995511,99995650
99995650,41.874336,-87.653196,1303993326.0,99995581,99995722
99995722,41.874336,-87.652882,1303993328.0,99995650,99995785
99995785,41.874328,-87.652627,1303993330.0,99995722,99995889
99995889,41.874321,-87.652366,1303993333.0,99995785,99996497
99996497,41.874315,-87.652116,1303993354.0,99995889,99997496
99997496,41.874326,-87.651823,1303993383.0,99996497,99997604
99997604,41.874346,-87.65156,1303993386.0,99997496,99997703
99997703,41.874357,-87.651205,1303993389.0,99997604,99997772
99997772,41.874361,-87.650947,1303993391.0,99997703,99997854
99997854,41.874366,-87.650679,1303993393.0,99997772,99997929
99997929,41.874371,-87.650408,1303993395.0,99997854,99998003
99998003,41.874371,-87.650139,1303993397.0,99997929,99998071
99998071,41.874379,-87.649878,1303993399.0,99998003,99998149
99998149,41.874386,-87.649607,1303993401.0,99998071,99998222
99998222,41.874391,-87.649331,1303993403.0,99998149,99998298
99998298,41.874396,-87.649042,1303993405.0,99998222,99998370
99998370,41.874399,-87.648762,1303993407.0,99998298,99998433
99998433,41.874397,-87.648513,1303993409.0,99998370,99998503
99998503,41.874391,-87.648265,1303993411.0,99998433,99998578
99998578,41.874366,-87.648018,1303993413.0,99998503,99998689
99998689,41.874332,-87.647697,1303993416.0,99998578,99998843
99998843,41.874291,-87.647449,1303993420.0,99998689,99999845
99999845,41.874196,-87.647203,1303993448.0,99998843,99999959
99999959,41.87402,-87.647153,1303993451.0,99999845,100000030
100000030,41.87384,-87.647131,1303993453.0,99999959,100000098
100000098,41.873628,-87.647119,1303993455.0,100000030,100000173
100000173,41.8734,-87.647111,1303993457.0,100000098,100000250
100000250,41.873163,-87.647109,1303993459.0,100000173,100000325
100000325,41.872921,-87.647123,1303993461.0,100000250,100000393
100000393,41.87268,-87.647127,1303993463.0,100000325,100000467
100000467,41.872459,-87.647117,1303993465.0,100000393,100000541
100000541,41.872278,-87.647118,1303993467.0,100000467,100000645
100000645,41.872089,-87.647124,1303993470.0,100000541,100001270
100001270,41.871849,-87.647114,1303993487.0,100000645,100001380
100001380,41.871588,-87.647099,1303993490.0,100001270,100001453
100001453,41.871367,-87.647094,1303993492.0,100001380,100001530
100001530,41.870985,-87.647079,1303993495.0,100001453,100001606
100001606,41.8707,-87.647071,1303993497.0,100001530,100001689
100001689,41.870413,-87.647076,1303993499.0,100001606,100001766
100001766,41.870159,-87.647083,1303993501.0,100001689,100001839
100001839,41.869954,-87.647087,1303993503.0,100001766,100001978
100001978,41.869752,-87.647079,1303993507.0,100001839,None
