14710353,41.871651,-87.669364,1302489886.0,None,14710371
14710371,41.871501,-87.669182,1302489891.0,14710353,14710386
14710386,41.871315,-87.669133,1302489894.0,14710371,14710404
14710404,41.871062,-87.669115,1302489897.0,14710386,14710423
14710423,41.870844,-87.669098,1302489899.0,14710404,14710443
14710443,41.870611,-87.66909,1302489901.0,14710423,14710463
14710463,41.870383,-87.669085,1302489903.0,14710443,14710487
14710487,41.870168,-87.669078,1302489905.0,14710463,14710510
14710510,41.86996,-87.669075,1302489907.0,14710487,14710534
14710534,41.869766,-87.669063,1302489909.0,14710510,14710575
14710575,41.869513,-87.669053,1302489912.0,14710534,14710650
14710650,41.869325,-87.66903,1302489917.0,14710575,14710703
14710703,41.869235,-87.668797,1302489921.0,14710650,14710759
14710759,41.869237,-87.668481,1302489924.0,14710703,14710791
14710791,41.869245,-87.668216,1302489926.0,14710759,14710824
14710824,41.869262,-87.667911,1302489928.0,14710791,14710856
14710856,41.86928,-87.667584,1302489930.0,14710824,14710895
14710895,41.869285,-87.667251,1302489932.0,14710856,14710933
14710933,41.869285,-87.666911,1302489934.0,14710895,14710969
14710969,41.869289,-87.666578,1302489936.0,14710933,14711005
14711005,41.869303,-87.666255,1302489938.0,14710969,14711046
14711046,41.869313,-87.665927,1302489940.0,14711005,14711084
14711084,41.869322,-87.665591,1302489942.0,14711046,14711127
14711127,41.869329,-87.665266,1302489944.0,14711084,14711166
14711166,41.869336,-87.664943,1302489946.0,14711127,14711206
14711206,41.86934,-87.66464,1302489948.0,14711166,14711245
14711245,41.869341,-87.66439,1302489950.0,14711206,14711352
14711352,41.869322,-87.664122,1302489955.0,14711245,14711458
14711458,41.869348,-87.663854,1302489960.0,14711352,14711526
14711526,41.869384,-87.663578,1302489963.0,14711458,14711596
14711596,41.869421,-87.663274,1302489966.0,14711526,14711667
14711667,41.869448,-87.662973,1302489969.0,14711596,14711738
14711738,41.869468,-87.662702,1302489972.0,14711667,14711838
14711838,41.869461,-87.662402,1302489976.0,14711738,14712089
14712089,41.869392,-87.662139,1302489986.0,14711838,14712233
14712233,41.869375,-87.661875,1302489992.0,14712089,14712342
14712342,41.869392,-87.661586,1302489996.0,14712233,14712426
14712426,41.869423,-87.661259,1302489999.0,14712342,14712484
14712484,41.869447,-87.660993,1302490001.0,14712426,14712535
14712535,41.869463,-87.660667,1302490003.0,14712484,14712590
14712590,41.869474,-87.660302,1302490005.0,14712535,14712644
14712644,41.869481,-87.659918,1302490007.0,14712590,14712697
14712697,41.869481,-87.659528,1302490009.0,14712644,14712755
14712755,41.869478,-87.659145,1302490011.0,14712697,14712812
14712812,41.869473,-87.65878,1302490013.0,14712755,14712870
14712870,41.869475,-87.658424,1302490015.0,14712812,14712924
14712924,41.869479,-87.658086,1302490017.0,14712870,14712990
14712990,41.869488,-87.657757,1302490019.0,14712924,14713045
14713045,41.869497,-87.657454,1302490021.0,14712990,14713141
14713141,41.869508,-87.657139,1302490024.0,14713045,14713258
14713258,41.869643,-87.656947,1302490028.0,14713141,14713367
14713367,41.869877,-87.656895,1302490032.0,14713258,14713467
14713467,41.870137,-87.656852,1302490035.0,14713367,14713533
14713533,41.87034,-87.65682,1302490037.0,14713467,14713596
14713596,41.870573,-87.656797,1302490039.0,14713533,14713662
14713662,41.870836,-87.656788,1302490041.0,14713596,14713724
14713724,41.871099,-87.656797,1302490043.0,14713662,14713784
14713784,41.871356,-87.656814,1302490045.0,14713724,14713845
14713845,41.871596,-87.656826,1302490047.0,14713784,14713906
14713906,41.871812,-87.656832,1302490049.0,14713845,14714010
14714010,41.87206,-87.656844,1302490052.0,14713906,14714281
14714281,41.872244,-87.656856,1302490060.0,14714010,14714447
14714447,41.872457,-87.656867,1302490065.0,14714281,14714550
14714550,41.872705,-87.656848,1302490068.0,14714447,14714621
14714621,41.872903,-87.656827,1302490070.0,14714550,14714691
14714691,41.873124,-87.656809,1302490072.0,14714621,14714769
14714769,41.873344,-87.656806,1302490074.0,14714691,14714835
14714835,41.873558,-87.656806,1302490076.0,14714769,14714906
14714906,41.873754,-87.656806,1302490078.0,14714835,14715013
14715013,41.873992,-87.656811,1302490081.0,14714906,14715222
14715222,41.874205,-87.6568,1302490088.0,14715013,14715365
14715365,41.87428,-87.656549,1302490093.0,14715222,14715476
14715476,41.874307,-87.656275,1302490096.0,14715365,14715555
14715555,41.874316,-87.656004,1302490098.0,14715476,14715633
14715633,41.87432,-87.655697,1302490100.0,14715555,14715693
14715693,41.874324,-87.655392,1302490102.0,14715633,14715759
14715759,41.874328,-87.655086,1302490104.0,14715693,14715823
14715823,41.874327,-87.654776,1302490106.0,14715759,14715888
14715888,41.874324,-87.654463,1302490108.0,14715823,14715953
14715953,41.874321,-87.65415,1302490110.0,14715888,14716022
14716022,41.874323,-87.653845,1302490112.0,14715953,14716093
14716093,41.874334,-87.653553,1302490114.0,14716022,14716167
14716167,41.874342,-87.653263,1302490116.0,14716093,14716236
14716236,41.874346,-87.65296,1302490118.0,14716167,14716303
14716303,41.874345,-87.652649,1302490120.0,14716236,14716378
14716378,41.874347,-87.652342,1302490122.0,14716303,14716448
14716448,41.87435,-87.652048,1302490124.0,14716378,14716514
14716514,41.874357,-87.651743,1302490126.0,14716448,14716590
14716590,41.874373,-87.651431,1302490128.0,14716514,14716666
14716666,41.874391,-87.651112,1302490130.0,14716590,14716731
14716731,41.8744,-87.650777,1302490132.0,14716666,14716801
14716801,41.874405,-87.650439,1302490134.0,14716731,14716868
14716868,41.874409,-87.6501,1302490136.0,14716801,14716938
14716938,41.874413,-87.649766,1302490138.0,14716868,14717009
14717009,41.874417,-87.649441,1302490140.0,14716938,14717078
14717078,41.874424,-87.649134,1302490142.0,14717009,14717145
14717145,41.874426,-87.648825,1302490144.0,14717078,14717215
14717215,41.874432,-87.648512,1302490146.0,14717145,14717285
14717285,41.874434,-87.648233,1302490148.0,14717215,14717361
14717361,41.874425,-87.647975,1302490150.0,14717285,14717470
14717470,41.87439,-87.647655,1302490153.0,14717361,14717684
14717684,41.874335,-87.647421,1302490159.0,14717470,14717853
14717853,41.874151,-87.647273,1302490164.0,14717684,14717917
14717917,41.873968,-87.647247,1302490166.0,14717853,14717989
14717989,41.873755,-87.647233,1302490168.0,14717917,14718058
14718058,41.873537,-87.647222,1302490170.0,14717989,14718131
14718131,41.873311,-87.647205,1302490172.0,14718058,14718209
14718209,41.873064,-87.647196,1302490174.0,14718131,14718287
14718287,41.872815,-87.647193,1302490176.0,14718209,14718358
14718358,41.872578,-87.647174,1302490178.0,14718287,14718424
14718424,41.872369,-87.647158,1302490180.0,14718358,14718525
14718525,41.872141,-87.64713,1302490183.0,14718424,None
