9473220,41.869654,-87.67496,1301972770.0,None,9473314
9473314,41.869622,-87.675215,1301972775.0,9473220,9473370
9473370,41.869598,-87.675586,1301972778.0,9473314,9473407
9473407,41.869574,-87.675908,1301972780.0,9473370,9473445
9473445,41.869557,-87.676291,1301972782.0,9473407,9473486
9473486,41.869547,-87.676702,1301972784.0,9473445,9473526
9473526,41.86954,-87.67714,1301972786.0,9473486,9473565
9473565,41.869533,-87.677599,1301972788.0,9473526,9473585
9473585,41.869527,-87.678063,1301972790.0,9473565,9473627
9473627,41.869514,-87.678509,1301972792.0,9473585,9473671
9473671,41.869506,-87.678927,1301972794.0,9473627,9473712
9473712,41.869498,-87.679289,1301972796.0,9473671,9473751
9473751,41.869487,-87.679582,1301972798.0,9473712,9473810
9473810,41.869482,-87.679883,1301972801.0,9473751,9474336
9474336,41.869444,-87.680138,1301972827.0,9473810,9474409
9474409,41.869416,-87.680455,1301972831.0,9474336,9474452
9474452,41.869412,-87.680697,1301972833.0,9474409,9474495
9474495,41.86939,-87.681026,1301972835.0,9474452,9474541
9474541,41.869372,-87.681377,1301972837.0,9474495,9474585
9474585,41.869354,-87.681747,1301972839.0,9474541,9474627
9474627,41.869337,-87.682123,1301972841.0,9474585,9474677
9474677,41.869328,-87.68247,1301972843.0,9474627,9474728
9474728,41.869311,-87.682772,1301972845.0,9474677,9474799
9474799,41.869304,-87.683105,1301972848.0,9474728,9475353
9475353,41.869283,-87.683356,1301972871.0,9474799,9475492
9475492,41.869254,-87.683663,1301972876.0,9475353,9475541
9475541,41.869246,-87.683913,1301972878.0,9475492,9475591
9475591,41.869247,-87.684188,1301972880.0,9475541,9475644
9475644,41.869246,-87.684431,1301972882.0,9475591,9475729
9475729,41.869251,-87.684711,1301972886.0,9475644,9475839
9475839,41.869207,-87.684948,1301972890.0,9475729,9475922
9475922,41.869171,-87.685274,1301972893.0,9475839,9475974
9475974,41.869142,-87.685585,1301972896.0,9475922,9476426
9476426,41.869104,-87.685834,1301972922.0,9475974,9476467
9476467,41.869205,-87.686041,1301972927.0,9476426,9476494
9476494,41.869421,-87.686039,1301972930.0,9476467,9476514
9476514,41.869611,-87.686043,1301972932.0,9476494,9476534
9476534,41.869825,-87.686052,1301972934.0,9476514,9476555
9476555,41.870067,-87.686073,1301972936.0,9476534,9476577
9476577,41.870337,-87.68609,1301972938.0,9476555,9476599
9476599,41.870617,-87.686107,1301972940.0,9476577,9476623
9476623,41.870895,-87.686122,1301972942.0,9476599,9476647
9476647,41.871165,-87.686149,1301972944.0,9476623,9476671
9476671,41.87144,-87.686169,1301972946.0,9476647,9476697
9476697,41.871728,-87.686189,1301972948.0,9476671,9476723
9476723,41.872028,-87.686209,1301972950.0,9476697,9476749
9476749,41.872332,-87.686226,1301972952.0,9476723,9476777
9476777,41.872617,-87.686242,1301972954.0,9476749,9476805
9476805,41.87289,-87.686256,1301972956.0,9476777,9476833
9476833,41.873133,-87.686263,1301972958.0,9476805,9476862
9476862,41.873342,-87.686271,1301972960.0,9476833,9476902
9476902,41.873556,-87.686272,1301972963.0,9476862,9476980
9476980,41.87377,-87.686303,1301972968.0,9476902,9477058
9477058,41.873948,-87.686188,1301972973.0,9476980,9477126
9477126,41.873966,-87.685853,1301972977.0,9477058,9477158
9477158,41.873964,-87.685598,1301972979.0,9477126,9477192
9477192,41.873969,-87.685286,1301972981.0,9477158,9477227
9477227,41.873963,-87.684952,1301972983.0,9477192,9477264
9477264,41.873966,-87.684639,1301972985.0,9477227,9477299
9477299,41.873971,-87.684362,1301972987.0,9477264,9477351
9477351,41.873967,-87.684091,1301972990.0,9477299,9477638
9477638,41.873963,-87.683802,1301973005.0,9477351,9477695
9477695,41.873969,-87.68347,1301973008.0,9477638,9477733
9477733,41.873974,-87.683175,1301973010.0,9477695,9477771
9477771,41.873983,-87.68284,1301973012.0,9477733,9477813
9477813,41.873989,-87.682484,1301973014.0,9477771,9477859
9477859,41.873992,-87.682136,1301973016.0,9477813,9477894
9477894,41.874001,-87.681835,1301973018.0,9477859,9477965
9477965,41.874006,-87.681582,1301973022.0,9477894,9478100
9478100,41.874011,-87.681269,1301973028.0,9477965,9478142
9478142,41.874016,-87.681027,1301973030.0,9478100,9478183
9478183,41.874025,-87.680728,1301973032.0,9478142,9478226
9478226,41.87403,-87.68038,1301973034.0,9478183,9478272
9478272,41.874035,-87.679993,1301973036.0,9478226,9478318
9478318,41.87404,-87.679581,1301973038.0,9478272,9478354
9478354,41.874046,-87.679164,1301973040.0,9478318,9478402
9478402,41.874048,-87.678749,1301973042.0,9478354,9478449
9478449,41.874053,-87.678337,1301973044.0,9478402,9478496
9478496,41.87406,-87.677942,1301973046.0,9478449,9478520
9478520,41.874068,-87.677586,1301973048.0,9478496,9478558
9478558,41.874072,-87.677275,1301973050.0,9478520,9478587
9478587,41.874061,-87.677022,1301973052.0,9478558,9478668
9478668,41.874048,-87.676779,1301973056.0,9478587,9478792
9478792,41.873888,-87.676597,1301973062.0,9478668,9478873
9478873,41.873611,-87.67655,1301973065.0,9478792,9478924
9478924,41.873398,-87.67652,1301973067.0,9478873,9478971
9478971,41.873216,-87.676502,1301973069.0,9478924,9479129
9479129,41.873018,-87.676491,1301973076.0,9478971,9479234
9479234,41.872776,-87.676468,1301973080.0,9479129,9479283
9479283,41.87258,-87.676461,1301973082.0,9479234,9479333
9479333,41.872351,-87.676453,1301973084.0,9479283,9479385
9479385,41.872102,-87.676422,1301973086.0,9479333,9479433
9479433,41.87186,-87.676393,1301973088.0,9479385,9479484
9479484,41.87167,-87.676385,1301973090.0,9479433,9479584
9479584,41.87148,-87.676258,1301973094.0,9479484,9479663
9479663,41.87147,-87.676001,1301973097.0,9479584,9479744
9479744,41.871475,-87.675626,1301973100.0,9479663,9479799
9479799,41.871484,-87.675349,1301973102.0,9479744,9479852
9479852,41.871494,-87.675082,1301973104.0,9479799,9479905
9479905,41.871497,-87.674826,1301973106.0,9479852,9479959
9479959,41.871506,-87.67457,1301973108.0,9479905,9480016
9480016,41.871517,-87.674316,1301973110.0,9479959,9480098
9480098,41.871523,-87.673995,1301973113.0,9480016,9480207
9480207,41.871525,-87.673701,1301973117.0,9480098,9480312
9480312,41.871532,-87.673344,1301973121.0,9480207,9480368
9480368,41.871549,-87.673068,1301973123.0,9480312,9480424
9480424,41.871557,-87.672761,1301973125.0,9480368,9480481
9480481,41.87156,-87.672443,1301973127.0,9480424,9480538
9480538,41.871564,-87.672129,1301973129.0,9480481,9480585
9480585,41.871566,-87.671823,1301973131.0,9480538,9480634
9480634,41.871565,-87.671522,1301973133.0,9480585,9480696
9480696,41.871573,-87.671234,1301973135.0,9480634,9480758
9480758,41.871577,-87.670956,1301973137.0,9480696,9480813
9480813,41.871589,-87.670688,1301973139.0,9480758,9480868
9480868,41.871595,-87.670427,1301973141.0,9480813,9480924
9480924,41.871603,-87.670168,1301973143.0,9480868,9480976
9480976,41.871607,-87.669898,1301973145.0,9480924,9481030
9481030,41.871608,-87.669629,1301973147.0,9480976,9481119
9481119,41.871606,-87.66932,1301973150.0,9481030,9481307
9481307,41.871496,-87.669117,1301973156.0,9481119,9481394
9481394,41.871306,-87.669091,1301973159.0,9481307,9481483
9481483,41.871027,-87.669082,1301973162.0,9481394,9481540
9481540,41.87082,-87.669073,1301973164.0,9481483,9481603
9481603,41.870619,-87.66907,1301973166.0,9481540,9481664
9481664,41.870404,-87.669066,1301973168.0,9481603,9481725
9481725,41.870178,-87.669058,1301973170.0,9481664,9481784
9481784,41.869961,-87.669051,1301973172.0,9481725,9481839
9481839,41.869756,-87.669041,1301973174.0,9481784,9481897
9481897,41.869569,-87.669029,1301973176.0,9481839,9481995
9481995,41.869374,-87.669014,1301973179.0,9481897,9482218
9482218,41.869179,-87.66901,1301973187.0,9481995,9482316
9482316,41.86893,-87.668984,1301973190.0,9482218,9482382
9482382,41.868709,-87.668973,1301973192.0,9482316,9482452
9482452,41.868446,-87.668974,1301973194.0,9482382,9482515
9482515,41.868159,-87.668967,1301973196.0,9482452,9482576
9482576,41.867866,-87.668959,1301973198.0,9482515,9482639
9482639,41.867597,-87.668954,1301973200.0,9482576,9482700
9482700,41.86737,-87.668956,1301973202.0,9482639,9482797
9482797,41.867162,-87.668959,1301973205.0,9482700,None
