77843087,41.8692,-87.675978,1303598256.0,None,77843771
77843771,41.869193,-87.676254,1303598277.0,77843087,77843869
77843869,41.869182,-87.676598,1303598280.0,77843771,77843942
77843942,41.869175,-87.676875,1303598282.0,77843869,77844010
77844010,41.86917,-87.677179,1303598284.0,77843942,77844079
77844079,41.869164,-87.677495,1303598286.0,77844010,77844144
77844144,41.869159,-87.677817,1303598288.0,77844079,77844211
77844211,41.869155,-87.67814,1303598290.0,77844144,77844278
77844278,41.869149,-87.678452,1303598292.0,77844211,77844346
77844346,41.869145,-87.678769,1303598294.0,77844278,77844416
77844416,41.869145,-87.679081,1303598296.0,77844346,77844485
77844485,41.869143,-87.679386,1303598298.0,77844416,77844551
77844551,41.869138,-87.679683,1303598300.0,77844485,77844620
77844620,41.869139,-87.679963,1303598302.0,77844551,77844691
77844691,41.869141,-87.680206,1303598304.0,77844620,77844793
77844793,41.869145,-87.680471,1303598307.0,77844691,77845695
77845695,41.869146,-87.680715,1303598334.0,77844793,77845796
77845796,41.869142,-87.680964,1303598337.0,77845695,77845821
77845821,41.869124,-87.681327,1303598340.0,77845796,77845887
77845887,41.869115,-87.681614,1303598342.0,77845821,77845949
77845949,41.869109,-87.681921,1303598344.0,77845887,77846016
77846016,41.869101,-87.682227,1303598346.0,77845949,77846084
77846084,41.869098,-87.682527,1303598348.0,77846016,77846150
77846150,41.869093,-87.682812,1303598350.0,77846084,77846258
77846258,41.869096,-87.683146,1303598353.0,77846150,77846866
77846866,41.86909,-87.683414,1303598372.0,77846258,77847088
77847088,41.869071,-87.683688,1303598379.0,77846866,77847183
77847183,41.869065,-87.683968,1303598382.0,77847088,77847286
77847286,41.869062,-87.684309,1303598385.0,77847183,77847396
77847396,41.86906,-87.684598,1303598388.0,77847286,77847598
77847598,41.869068,-87.68484,1303598394.0,77847396,77847715
77847715,41.869061,-87.68512,1303598398.0,77847598,77847810
77847810,41.869056,-87.685443,1303598401.0,77847715,77847916
77847916,41.869055,-87.685707,1303598404.0,77847810,77848134
77848134,41.869059,-87.685982,1303598410.0,77847916,77848870
77848870,41.869236,-87.686074,1303598433.0,77848134,77849014
77849014,41.869465,-87.686059,1303598437.0,77848870,77849128
77849128,41.869733,-87.686073,1303598440.0,77849014,77849196
77849196,41.869943,-87.686085,1303598442.0,77849128,77849254
77849254,41.870166,-87.686094,1303598444.0,77849196,77849309
77849309,41.870383,-87.6861,1303598446.0,77849254,77849375
77849375,41.870588,-87.686107,1303598448.0,77849309,77849441
77849441,41.870781,-87.686113,1303598450.0,77849375,77849511
77849511,41.870971,-87.686119,1303598452.0,77849441,77849580
77849580,41.871161,-87.686129,1303598454.0,77849511,77849645
77849645,41.871353,-87.686134,1303598456.0,77849580,77849716
77849716,41.871553,-87.686135,1303598458.0,77849645,77849784
77849784,41.871756,-87.686141,1303598460.0,77849716,77849850
77849850,41.871958,-87.686147,1303598462.0,77849784,77849881
77849881,41.872158,-87.686141,1303598464.0,77849850,77849949
77849949,41.872358,-87.686142,1303598466.0,77849881,77850018
77850018,41.872563,-87.686146,1303598468.0,77849949,77850085
77850085,41.872768,-87.686153,1303598470.0,77850018,77850154
77850154,41.872971,-87.68616,1303598472.0,77850085,77850221
77850221,41.873164,-87.686168,1303598474.0,77850154,77850285
77850285,41.873349,-87.686173,1303598476.0,77850221,77850379
77850379,41.873575,-87.686169,1303598479.0,77850285,77850697
77850697,41.873768,-87.686171,1303598502.0,77850379,77850753
77850753,41.873935,-87.686,1303598508.0,77850697,77850794
77850794,41.873932,-87.685692,1303598512.0,77850753,77850827
77850827,41.873927,-87.685346,1303598515.0,77850794,77850850
77850850,41.873928,-87.685074,1303598517.0,77850827,77850874
77850874,41.873928,-87.684795,1303598519.0,77850850,77850898
77850898,41.873931,-87.684526,1303598521.0,77850874,77850923
77850923,41.873933,-87.684262,1303598523.0,77850898,77850949
77850949,41.87394,-87.683991,1303598525.0,77850923,77850975
77850975,41.873948,-87.683706,1303598527.0,77850949,77851002
77851002,41.873951,-87.683399,1303598529.0,77850975,77851030
77851030,41.873954,-87.683076,1303598531.0,77851002,77851058
77851058,41.873956,-87.682753,1303598533.0,77851030,77851086
77851086,41.873959,-87.682434,1303598535.0,77851058,77851116
77851116,41.873966,-87.682121,1303598537.0,77851086,77851146
77851146,41.873973,-87.681835,1303598539.0,77851116,77851191
77851191,41.873986,-87.681547,1303598542.0,77851146,77851286
77851286,41.873996,-87.681257,1303598548.0,77851191,77851336
77851336,41.874,-87.680949,1303598551.0,77851286,77851370
77851370,41.874002,-87.680682,1303598553.0,77851336,77851403
77851403,41.874007,-87.680381,1303598555.0,77851370,77851437
77851437,41.874012,-87.680056,1303598557.0,77851403,77851472
77851472,41.874016,-87.679724,1303598559.0,77851437,77851509
77851509,41.874019,-87.67939,1303598561.0,77851472,77851543
77851543,41.874024,-87.679055,1303598563.0,77851509,77851578
77851578,41.874033,-87.678726,1303598565.0,77851543,77851615
77851615,41.87404,-87.678404,1303598567.0,77851578,77851653
77851653,41.874045,-87.67809,1303598569.0,77851615,77851691
77851691,41.874047,-87.677783,1303598571.0,77851653,77851726
77851726,41.874052,-87.677497,1303598573.0,77851691,77851765
77851765,41.874058,-87.677233,1303598575.0,77851726,77851822
77851822,41.874054,-87.676903,1303598578.0,77851765,77851922
77851922,41.874044,-87.676656,1303598583.0,77851822,77852077
77852077,41.873878,-87.676471,1303598591.0,77851922,77852141
77852141,41.873655,-87.676447,1303598594.0,77852077,77852184
77852184,41.873461,-87.676438,1303598596.0,77852141,77852219
77852219,41.873241,-87.676431,1303598598.0,77852184,77852262
77852262,41.873005,-87.676432,1303598600.0,77852219,77852305
77852305,41.872769,-87.676428,1303598602.0,77852262,77852349
77852349,41.872533,-87.676424,1303598604.0,77852305,77852394
77852394,41.872298,-87.676424,1303598606.0,77852349,77852419
77852419,41.872065,-87.676411,1303598608.0,77852394,77852456
77852456,41.871852,-87.676384,1303598610.0,77852419,77852503
77852503,41.871609,-87.676366,1303598613.0,77852456,77852553
77852553,41.871431,-87.676268,1303598617.0,77852503,77852623
77852623,41.871413,-87.67596,1303598621.0,77852553,77852686
77852686,41.871435,-87.675619,1303598624.0,77852623,77852730
77852730,41.871438,-87.675353,1303598626.0,77852686,77852774
77852774,41.871442,-87.675058,1303598628.0,77852730,77852816
77852816,41.871445,-87.67477,1303598630.0,77852774,77852862
77852862,41.871453,-87.674491,1303598632.0,77852816,77852908
77852908,41.87146,-87.67424,1303598634.0,77852862,77852977
77852977,41.87148,-87.673999,1303598637.0,77852908,77853140
77853140,41.871495,-87.673719,1303598644.0,77852977,77853213
77853213,41.871521,-87.673432,1303598647.0,77853140,77853259
77853259,41.871534,-87.673174,1303598649.0,77853213,77853297
77853297,41.871544,-87.672875,1303598651.0,77853259,77853342
77853342,41.871558,-87.672562,1303598653.0,77853297,77853392
77853392,41.871569,-87.672287,1303598655.0,77853342,77853475
77853475,41.871572,-87.671975,1303598658.0,77853392,None
