60219962,41.869736,-87.647449,1302812299.0,None,60220705
60220705,41.869633,-87.647239,1302812319.0,60219962,60220894
60220894,41.869434,-87.647203,1302812324.0,60220705,60221037
60221037,41.869206,-87.647207,1302812328.0,60220894,60221151
60221151,41.869016,-87.647203,1302812331.0,60221037,60221261
60221261,41.868807,-87.647191,1302812334.0,60221151,60221378
60221378,41.868594,-87.647143,1302812337.0,60221261,60221480
60221480,41.868376,-87.647106,1302812340.0,60221378,60221591
60221591,41.868146,-87.647103,1302812343.0,60221480,60221698
60221698,41.867915,-87.647101,1302812346.0,60221591,60221811
60221811,41.86772,-87.647081,1302812349.0,60221698,60221963
60221963,41.867514,-87.647066,1302812353.0,60221811,60222132
60222132,41.867345,-87.647179,1302812358.0,60221963,60222286
60222286,41.86733,-87.647434,1302812362.0,60222132,60222457
60222457,41.867308,-87.647714,1302812367.0,60222286,60222945
60222945,41.867282,-87.647961,1302812380.0,60222457,60223160
60223160,41.867267,-87.648256,1302812386.0,60222945,60223302
60223302,41.867256,-87.648548,1302812390.0,60223160,60223402
60223402,41.867249,-87.648821,1302812393.0,60223302,60223511
60223511,41.867241,-87.649112,1302812396.0,60223402,60223615
60223615,41.867235,-87.649441,1302812399.0,60223511,60223733
60223733,41.867231,-87.649777,1302812402.0,60223615,60223841
60223841,41.867227,-87.65012,1302812405.0,60223733,60223954
60223954,41.867227,-87.650458,1302812408.0,60223841,60224063
60224063,41.86722,-87.650774,1302812411.0,60223954,60224177
60224177,41.86721,-87.651062,1302812414.0,60224063,60224282
60224282,41.867212,-87.651359,1302812417.0,60224177,60224389
60224389,41.867206,-87.65166,1302812420.0,60224282,60224496
60224496,41.8672,-87.651927,1302812423.0,60224389,60224608
60224608,41.867196,-87.652194,1302812426.0,60224496,60224716
60224716,41.867194,-87.652485,1302812429.0,60224608,60224831
60224831,41.867195,-87.652772,1302812432.0,60224716,60224942
60224942,41.867189,-87.653047,1302812435.0,60224831,60225051
60225051,41.867179,-87.653371,1302812438.0,60224942,60225117
60225117,41.867179,-87.653614,1302812440.0,60225051,60225194
60225194,41.867183,-87.653868,1302812442.0,60225117,60225269
60225269,41.867185,-87.654125,1302812444.0,60225194,60225346
60225346,41.867184,-87.65437,1302812446.0,60225269,60225450
60225450,41.867161,-87.654707,1302812449.0,60225346,60225563
60225563,41.867154,-87.655019,1302812452.0,60225450,60225673
60225673,41.867154,-87.655297,1302812455.0,60225563,60225822
60225822,41.867146,-87.655576,1302812459.0,60225673,60226083
60226083,41.86713,-87.655826,1302812466.0,60225822,60226591
60226591,41.867109,-87.656082,1302812480.0,60226083,60226746
60226746,41.867103,-87.656399,1302812484.0,60226591,60226857
60226857,41.867105,-87.656753,1302812487.0,60226746,60226916
60226916,41.867107,-87.657022,1302812489.0,60226857,60226983
60226983,41.867106,-87.657309,1302812491.0,60226916,60227053
60227053,41.867103,-87.657604,1302812493.0,60226983,60227126
60227126,41.867095,-87.657906,1302812495.0,60227053,60227201
60227201,41.867088,-87.65821,1302812497.0,60227126,60227276
60227276,41.867087,-87.658512,1302812499.0,60227201,60227354
60227354,41.86708,-87.658811,1302812501.0,60227276,60227433
60227433,41.867072,-87.659101,1302812503.0,60227354,60227512
60227512,41.86707,-87.659382,1302812505.0,60227433,60227571
60227571,41.867068,-87.659659,1302812507.0,60227512,60227636
60227636,41.867061,-87.65993,1302812509.0,60227571,60227707
60227707,41.867054,-87.66018,1302812511.0,60227636,60227824
60227824,41.867048,-87.660494,1302812514.0,60227707,60227970
60227970,41.867044,-87.660765,1302812518.0,60227824,60228519
60228519,41.867047,-87.661069,1302812536.0,60227970,60228623
60228623,41.867046,-87.661341,1302812539.0,60228519,60228732
60228732,41.867038,-87.661685,1302812542.0,60228623,60228807
60228807,41.867032,-87.661928,1302812544.0,60228732,60228917
60228917,41.867022,-87.662282,1302812547.0,60228807,60229028
60229028,41.867015,-87.662592,1302812550.0,60228917,60229138
60229138,41.867013,-87.662887,1302812553.0,60229028,60229243
60229243,41.867017,-87.66319,1302812556.0,60229138,60229333
60229333,41.867013,-87.663455,1302812559.0,60229243,60229490
60229490,41.867004,-87.66371,1302812563.0,60229333,60229629
60229629,41.866998,-87.664004,1302812567.0,60229490,60229780
60229780,41.866995,-87.664321,1302812571.0,60229629,60229926
60229926,41.86699,-87.664634,1302812575.0,60229780,60230075
60230075,41.866986,-87.664938,1302812579.0,60229926,60230214
60230214,41.866986,-87.665187,1302812583.0,60230075,60230711
60230711,41.866995,-87.665462,1302812597.0,60230214,60230808
60230808,41.866993,-87.665735,1302812600.0,60230711,60230927
60230927,41.866987,-87.666089,1302812603.0,60230808,60231004
60231004,41.866984,-87.666362,1302812605.0,60230927,60231071
60231071,41.866986,-87.666646,1302812607.0,60231004,60231141
60231141,41.866989,-87.666941,1302812609.0,60231071,60231218
60231218,41.866995,-87.667246,1302812611.0,60231141,60231284
60231284,41.866997,-87.667544,1302812613.0,60231218,60231362
60231362,41.866999,-87.667825,1302812615.0,60231284,60231439
60231439,41.867003,-87.668095,1302812617.0,60231362,60231504
60231504,41.867002,-87.668428,1302812620.0,60231439,60231525
60231525,41.866994,-87.668687,1302812625.0,60231504,60231588
60231588,41.867138,-87.668874,1302812634.0,60231525,60231623
60231623,41.86734,-87.668893,1302812638.0,60231588,60231652
60231652,41.867546,-87.668894,1302812641.0,60231623,60231682
60231682,41.867777,-87.668898,1302812644.0,60231652,60231704
60231704,41.867959,-87.668908,1302812646.0,60231682,60231722
60231722,41.868142,-87.668913,1302812648.0,60231704,60231757
60231757,41.868403,-87.668908,1302812651.0,60231722,60231793
60231793,41.868649,-87.668919,1302812654.0,60231757,60231831
60231831,41.868857,-87.668927,1302812657.0,60231793,60231884
60231884,41.869052,-87.668943,1302812661.0,60231831,60231997
60231997,41.869211,-87.669058,1302812669.0,60231884,60232086
60232086,41.869264,-87.669341,1302812675.0,60231997,60232133
60232133,41.869284,-87.669582,1302812678.0,60232086,60232181
60232181,41.869287,-87.669889,1302812681.0,60232133,60232231
60232231,41.869309,-87.670212,1302812684.0,60232181,60232281
60232281,41.86934,-87.670525,1302812687.0,60232231,60232332
60232332,41.869373,-87.670791,1302812690.0,60232281,60232403
60232403,41.869371,-87.671033,1302812694.0,60232332,60232510
60232510,41.869381,-87.671312,1302812700.0,60232403,60232565
60232565,41.869341,-87.671596,1302812703.0,60232510,60232603
60232603,41.869313,-87.671846,1302812705.0,60232565,60232640
60232640,41.86931,-87.6721,1302812707.0,60232603,60232680
60232680,41.869298,-87.672347,1302812709.0,60232640,60232739
60232739,41.869292,-87.672686,1302812712.0,60232680,60232797
60232797,41.869336,-87.672976,1302812715.0,60232739,60232888
60232888,41.86937,-87.67329,1302812721.0,60232797,60233005
60233005,41.86956,-87.6734,1302812727.0,60232888,60233035
60233035,41.869748,-87.673376,1302812730.0,60233005,60233102
60233102,41.869941,-87.67335,1302812733.0,60233035,60233191
60233191,41.870175,-87.673313,1302812737.0,60233102,60233249
60233249,41.870434,-87.673284,1302812741.0,60233191,60233294
60233294,41.870663,-87.673267,1302812745.0,60233249,60233365
60233365,41.870879,-87.673242,1302812749.0,60233294,60233435
60233435,41.871091,-87.673233,1302812753.0,60233365,60233517
60233517,41.87131,-87.673204,1302812757.0,60233435,60233627
60233627,41.871397,-87.673447,1302812762.0,60233517,None
