82246243,41.865814,-87.646928,1302610842.0,None,82246386
82246386,41.865614,-87.646893,1302610846.0,82246243,82246496
82246496,41.865349,-87.646866,1302610849.0,82246386,82246561
82246561,41.865157,-87.646856,1302610851.0,82246496,82246633
82246633,41.86497,-87.64685,1302610853.0,82246561,82246731
82246731,41.86471,-87.646839,1302610856.0,82246633,82246832
82246832,41.864441,-87.646837,1302610859.0,82246731,82246909
82246909,41.864236,-87.646835,1302610861.0,82246832,82246981
82246981,41.864029,-87.646826,1302610863.0,82246909,82247053
82247053,41.863804,-87.646817,1302610865.0,82246981,82247120
82247120,41.863573,-87.646813,1302610867.0,82247053,82247193
82247193,41.863346,-87.646807,1302610869.0,82247120,82247270
82247270,41.863123,-87.646803,1302610871.0,82247193,82247341
82247341,41.862928,-87.646803,1302610873.0,82247270,82247446
82247446,41.862711,-87.646818,1302610876.0,82247341,82247618
82247618,41.862525,-87.646832,1302610881.0,82247446,82248115
82248115,41.862364,-87.646958,1302610895.0,82247618,82248292
82248292,41.862405,-87.647273,1302610900.0,82248115,82248391
82248391,41.86241,-87.647555,1302610903.0,82248292,82248497
82248497,41.862402,-87.647865,1302610906.0,82248391,82248606
82248606,41.862396,-87.648191,1302610909.0,82248497,82248700
82248700,41.862392,-87.648481,1302610912.0,82248606,82249037
82249037,41.862377,-87.648773,1302610921.0,82248700,82249134
82249134,41.862393,-87.649014,1302610924.0,82249037,82249272
82249272,41.862389,-87.649282,1302610928.0,82249134,82249884
82249884,41.862379,-87.649567,1302610945.0,82249272,82249981
82249981,41.862376,-87.649892,1302610949.0,82249884,82249992
82249992,41.862401,-87.650189,1302610952.0,82249981,82250008
82250008,41.862403,-87.65048,1302610955.0,82249992,82250065
82250065,41.86238,-87.650742,1302610963.0,82250008,82250109
82250109,41.862565,-87.650796,1302610968.0,82250065,82250139
82250139,41.862764,-87.650826,1302610971.0,82250109,82250159
82250159,41.862949,-87.65084,1302610973.0,82250139,82250181
82250181,41.863138,-87.650848,1302610975.0,82250159,82250214
82250214,41.863349,-87.650859,1302610978.0,82250181,82250312
82250312,41.863566,-87.650887,1302610986.0,82250214,82250351
82250351,41.863782,-87.650899,1302610989.0,82250312,82250392
82250392,41.86404,-87.650913,1302610992.0,82250351,82250420
82250420,41.864236,-87.650918,1302610994.0,82250392,82250448
82250448,41.864419,-87.650922,1302610996.0,82250420,82250507
82250507,41.864614,-87.650937,1302611000.0,82250448,82250611
82250611,41.864806,-87.650952,1302611007.0,82250507,82250659
82250659,41.865057,-87.650959,1302611010.0,82250611,82250692
82250692,41.865251,-87.650968,1302611012.0,82250659,82250726
82250726,41.865453,-87.650976,1302611014.0,82250692,82250758
82250758,41.865664,-87.650986,1302611016.0,82250726,82250792
82250792,41.865886,-87.650996,1302611018.0,82250758,82250827
82250827,41.866114,-87.651005,1302611020.0,82250792,82250861
82250861,41.866336,-87.651012,1302611022.0,82250827,82250898
82250898,41.86655,-87.65102,1302611024.0,82250861,82250952
82250952,41.866797,-87.651033,1302611027.0,82250898,82251024
82251024,41.867017,-87.651059,1302611031.0,82250952,82251120
82251120,41.867164,-87.65125,1302611036.0,82251024,82251197
82251197,41.867162,-87.651573,1302611040.0,82251120,82251255
82251255,41.867151,-87.65193,1302611043.0,82251197,82251293
82251293,41.867145,-87.652186,1302611045.0,82251255,82251336
82251336,41.867141,-87.652449,1302611047.0,82251293,82251396
82251396,41.867137,-87.652791,1302611050.0,82251336,82251461
82251461,41.867133,-87.653076,1302611054.0,82251396,82251848
82251848,41.867125,-87.653338,1302611073.0,82251461,82251919
82251919,41.86712,-87.65366,1302611076.0,82251848,82251957
82251957,41.867115,-87.653938,1302611078.0,82251919,82252001
82252001,41.867108,-87.654226,1302611080.0,82251957,82252027
82252027,41.8671,-87.65452,1302611082.0,82252001,82252072
82252072,41.867097,-87.654822,1302611084.0,82252027,82252113
82252113,41.867093,-87.655127,1302611086.0,82252072,82252138
82252138,41.867088,-87.655436,1302611088.0,82252113,82252179
82252179,41.867083,-87.655741,1302611090.0,82252138,82252199
82252199,41.867081,-87.65602,1302611092.0,82252179,82252252
82252252,41.867087,-87.656359,1302611095.0,82252199,82252358
82252358,41.867125,-87.656619,1302611100.0,82252252,82252570
82252570,41.867341,-87.656662,1302611109.0,82252358,82252654
82252654,41.867545,-87.656685,1302611112.0,82252570,82252715
82252715,41.86779,-87.656699,1302611115.0,82252654,82252787
82252787,41.868045,-87.656705,1302611118.0,82252715,82252867
82252867,41.868305,-87.656712,1302611121.0,82252787,82252941
82252941,41.868559,-87.656722,1302611124.0,82252867,82253019
82253019,41.86877,-87.656726,1302611127.0,82252941,82253120
82253120,41.86899,-87.656716,1302611131.0,82253019,82253554
82253554,41.869193,-87.656721,1302611147.0,82253120,82253662
82253662,41.869416,-87.656726,1302611151.0,82253554,82253745
82253745,41.869647,-87.656741,1302611154.0,82253662,82253802
82253802,41.869828,-87.656754,1302611156.0,82253745,82253857
82253857,41.870023,-87.656773,1302611158.0,82253802,82253916
82253916,41.870218,-87.656784,1302611160.0,82253857,82253976
82253976,41.870414,-87.656793,1302611162.0,82253916,82254033
82254033,41.870616,-87.656801,1302611164.0,82253976,82254086
82254086,41.870818,-87.656804,1302611166.0,82254033,82254141
82254141,41.87102,-87.65681,1302611168.0,82254086,82254197
82254197,41.871219,-87.656816,1302611170.0,82254141,82254252
82254252,41.871415,-87.656817,1302611172.0,82254197,82254310
82254310,41.8716,-87.656816,1302611174.0,82254252,82254404
82254404,41.871823,-87.65679,1302611177.0,82254310,82254556
82254556,41.872037,-87.656775,1302611182.0,82254404,82254870
82254870,41.872239,-87.656774,1302611193.0,82254556,82254959
82254959,41.872424,-87.656765,1302611196.0,82254870,82255045
82255045,41.872642,-87.656756,1302611199.0,82254959,82255130
82255130,41.872853,-87.656744,1302611202.0,82255045,82255221
82255221,41.873053,-87.656728,1302611205.0,82255130,82255312
82255312,41.873273,-87.656709,1302611208.0,82255221,82255403
82255403,41.873512,-87.656716,1302611211.0,82255312,82255502
82255502,41.873729,-87.656727,1302611214.0,82255403,82255624
82255624,41.87394,-87.656734,1302611218.0,82255502,82255872
82255872,41.87412,-87.656736,1302611226.0,82255624,82256363
82256363,41.874239,-87.656506,1302611241.0,82255872,82256453
82256453,41.874247,-87.656212,1302611244.0,82256363,82256551
82256551,41.874255,-87.655872,1302611247.0,82256453,82256619
82256619,41.874263,-87.655614,1302611249.0,82256551,82256683
82256683,41.874268,-87.655344,1302611251.0,82256619,82256748
82256748,41.874271,-87.655072,1302611253.0,82256683,82256814
82256814,41.874281,-87.654797,1302611255.0,82256748,82256879
82256879,41.874291,-87.654519,1302611257.0,82256814,82256954
82256954,41.8743,-87.65423,1302611259.0,82256879,82257021
82257021,41.874306,-87.653942,1302611261.0,82256954,82257094
82257094,41.874309,-87.653662,1302611263.0,82257021,82257160
82257160,41.874315,-87.653398,1302611265.0,82257094,82257231
82257231,41.874318,-87.653146,1302611267.0,82257160,82257337
82257337,41.874327,-87.652795,1302611270.0,82257231,82257428
82257428,41.874314,-87.652513,1302611273.0,82257337,82257565
82257565,41.874309,-87.652266,1302611277.0,82257428,82258154
82258154,41.87431,-87.651997,1302611294.0,82257565,82258289
82258289,41.874317,-87.651717,1302611298.0,82258154,82258394
82258394,41.87432,-87.651459,1302611301.0,82258289,82258505
82258505,41.874329,-87.651198,1302611304.0,82258394,82258615
82258615,41.87434,-87.650954,1302611307.0,82258505,82258762
82258762,41.874354,-87.650647,1302611311.0,82258615,82258905
82258905,41.874365,-87.650351,1302611315.0,82258762,82259035
82259035,41.874365,-87.650087,1302611319.0,82258905,82259182
82259182,41.874372,-87.649781,1302611323.0,82259035,82259293
82259293,41.874382,-87.649492,1302611326.0,82259182,82259408
82259408,41.87438,-87.649194,1302611329.0,82259293,82259522
82259522,41.874386,-87.648865,1302611332.0,82259408,82259631
82259631,41.874393,-87.648544,1302611335.0,82259522,82259742
82259742,41.874389,-87.64827,1302611338.0,82259631,82259846
82259846,41.874365,-87.647996,1302611341.0,82259742,82259949
82259949,41.874338,-87.647724,1302611344.0,82259846,82260134
82260134,41.874309,-87.647485,1302611349.0,82259949,82260945
82260945,41.874261,-87.64725,1302611371.0,82260134,82261102
82261102,41.874082,-87.64715,1302611375.0,82260945,82261209
82261209,41.873813,-87.647149,1302611378.0,82261102,82261281
82261281,41.873597,-87.647157,1302611380.0,82261209,82261359
82261359,41.873381,-87.647158,1302611382.0,82261281,82261427
82261427,41.873168,-87.647154,1302611384.0,82261359,82261504
82261504,41.872968,-87.647143,1302611386.0,82261427,82261588
82261588,41.872779,-87.647137,1302611388.0,82261504,82261665
82261665,41.872538,-87.647118,1302611391.0,82261588,82261796
82261796,41.872313,-87.64709,1302611395.0,82261665,None
