107686999,41.865382,-87.646828,1302643208.0,None,107687097
107687097,41.865162,-87.646833,1302643212.0,107686999,107687168
107687168,41.864966,-87.646834,1302643215.0,107687097,107687226
107687226,41.864767,-87.646847,1302643218.0,107687168,107687256
107687256,41.86457,-87.646832,1302643221.0,107687226,107687323
107687323,41.864358,-87.64682,1302643224.0,107687256,107687374
107687374,41.86412,-87.64682,1302643227.0,107687323,107687433
107687433,41.863858,-87.646813,1302643230.0,107687374,107687504
107687504,41.863599,-87.646799,1302643233.0,107687433,107687571
107687571,41.863357,-87.646788,1302643236.0,107687504,107687639
107687639,41.863133,-87.646769,1302643239.0,107687571,107687712
107687712,41.862949,-87.646751,1302643242.0,107687639,107687831
107687831,41.862769,-87.646683,1302643248.0,107687712,107687907
107687907,41.862793,-87.646439,1302643261.0,107687831,107687989
107687989,41.862596,-87.646374,1302643270.0,107687907,107688030
107688030,41.862497,-87.646602,1302643274.0,107687989,107688063
107688063,41.86251,-87.646934,1302643277.0,107688030,107688087
107688087,41.862502,-87.647188,1302643279.0,107688063,107688111
107688111,41.862483,-87.64747,1302643281.0,107688087,107688135
107688135,41.862456,-87.647777,1302643283.0,107688111,107688161
107688161,41.862434,-87.648064,1302643285.0,107688135,107688187
107688187,41.86242,-87.648311,1302643287.0,107688161,107688240
107688240,41.862394,-87.648579,1302643291.0,107688187,107688296
107688296,41.862384,-87.648872,1302643295.0,107688240,107688340
107688340,41.862372,-87.6492,1302643298.0,107688296,107688364
107688364,41.862363,-87.649443,1302643300.0,107688340,107688386
107688386,41.862343,-87.649719,1302643302.0,107688364,107688418
107688418,41.862317,-87.65,1302643304.0,107688386,107688453
107688453,41.862297,-87.650251,1302643306.0,107688418,107688497
107688497,41.862273,-87.650515,1302643309.0,107688453,107688630
107688630,41.862221,-87.650747,1302643317.0,107688497,107688790
107688790,41.862365,-87.650904,1302643326.0,107688630,107688863
107688863,41.862601,-87.650914,1302643330.0,107688790,107688921
107688921,41.862841,-87.650924,1302643333.0,107688863,107688977
107688977,41.863089,-87.650933,1302643336.0,107688921,107689033
107689033,41.863274,-87.650938,1302643339.0,107688977,107689153
107689153,41.863486,-87.650955,1302643345.0,107689033,107689211
107689211,41.863668,-87.650971,1302643348.0,107689153,107689275
107689275,41.863906,-87.650976,1302643351.0,107689211,107689337
107689337,41.864158,-87.65099,1302643354.0,107689275,107689392
107689392,41.864392,-87.650986,1302643357.0,107689337,107689483
107689483,41.864579,-87.650975,1302643361.0,107689392,107689587
107689587,41.864777,-87.650979,1302643366.0,107689483,107689657
107689657,41.864995,-87.650988,1302643369.0,107689587,107689704
107689704,41.865177,-87.650991,1302643371.0,107689657,107689749
107689749,41.865376,-87.650996,1302643373.0,107689704,107689788
107689788,41.865579,-87.651002,1302643375.0,107689749,107689830
107689830,41.865782,-87.651003,1302643377.0,107689788,107689874
107689874,41.865985,-87.651008,1302643379.0,107689830,107689921
107689921,41.866186,-87.65101,1302643381.0,107689874,107689970
107689970,41.86638,-87.651005,1302643383.0,107689921,107690039
107690039,41.866631,-87.651,1302643386.0,107689970,107690123
107690123,41.86683,-87.650999,1302643390.0,107690039,107690502
107690502,41.867021,-87.651003,1302643411.0,107690123,107690596
107690596,41.867155,-87.651255,1302643416.0,107690502,107690673
107690673,41.867154,-87.651586,1302643419.0,107690596,107690721
107690721,41.867152,-87.651868,1302643421.0,107690673,107690770
107690770,41.867149,-87.652165,1302643423.0,107690721,107690814
107690814,41.867146,-87.652441,1302643425.0,107690770,107690886
107690886,41.867141,-87.652766,1302643428.0,107690814,107691495
107691495,41.867135,-87.653018,1302643452.0,107690886,107691630
107691630,41.867169,-87.653306,1302643457.0,107691495,107691717
107691717,41.86721,-87.653576,1302643460.0,107691630,107691794
107691794,41.867239,-87.653914,1302643463.0,107691717,107691840
107691840,41.867243,-87.65419,1302643465.0,107691794,107691894
107691894,41.867248,-87.65451,1302643467.0,107691840,107691952
107691952,41.867237,-87.654845,1302643469.0,107691894,107691992
107691992,41.867221,-87.655198,1302643471.0,107691952,107691997
107691997,41.867211,-87.655563,1302643473.0,107691992,107692005
107692005,41.867201,-87.655919,1302643475.0,107691997,107692015
107692015,41.867198,-87.656225,1302643477.0,107692005,107692033
107692033,41.86722,-87.656517,1302643480.0,107692015,107692062
107692062,41.867416,-87.656569,1302643484.0,107692033,107692086
107692086,41.867651,-87.656621,1302643487.0,107692062,107692104
107692104,41.867847,-87.656633,1302643489.0,107692086,107692122
107692122,41.868051,-87.656635,1302643491.0,107692104,107692142
107692142,41.868266,-87.656642,1302643493.0,107692122,107692162
107692162,41.868482,-87.656656,1302643495.0,107692142,107692183
107692183,41.8687,-87.656666,1302643497.0,107692162,107692205
107692205,41.868907,-87.65667,1302643499.0,107692183,107692239
107692239,41.869144,-87.656666,1302643502.0,107692205,107692287
107692287,41.869327,-87.65666,1302643506.0,107692239,107692433
107692433,41.869563,-87.656672,1302643517.0,107692287,107692475
107692475,41.869785,-87.656698,1302643520.0,107692433,107692512
107692512,41.870059,-87.656718,1302643523.0,107692475,107692531
107692531,41.870261,-87.65673,1302643525.0,107692512,107692567
107692567,41.870475,-87.656734,1302643527.0,107692531,107692601
107692601,41.870697,-87.656733,1302643529.0,107692567,107692626
107692626,41.870924,-87.656734,1302643531.0,107692601,107692656
107692656,41.871152,-87.65674,1302643533.0,107692626,107692693
107692693,41.871374,-87.65675,1302643535.0,107692656,107692728
107692728,41.871587,-87.656763,1302643537.0,107692693,107692757
107692757,41.871785,-87.656762,1302643539.0,107692728,107692808
107692808,41.872025,-87.65675,1302643542.0,107692757,107692896
107692896,41.872218,-87.656737,1302643547.0,107692808,107692968
107692968,41.872437,-87.656727,1302643551.0,107692896,107693017
107693017,41.872698,-87.656711,1302643554.0,107692968,107693054
107693054,41.872899,-87.656698,1302643556.0,107693017,107693092
107693092,41.873112,-87.656681,1302643558.0,107693054,107693129
107693129,41.87333,-87.656673,1302643560.0,107693092,107693167
107693167,41.873551,-87.656669,1302643562.0,107693129,107693206
107693206,41.873756,-87.656674,1302643564.0,107693167,107693264
107693264,41.873987,-87.656677,1302643567.0,107693206,None
