14366308,41.869621,-87.651538,1302476574.0,None,14366446
14366446,41.869567,-87.651787,1302476582.0,14366308,14366499
14366499,41.869536,-87.652092,1302476585.0,14366446,14366533
14366533,41.869516,-87.652352,1302476587.0,14366499,14366570
14366570,41.869487,-87.652633,1302476589.0,14366533,14366610
14366610,41.869467,-87.652916,1302476591.0,14366570,14366646
14366646,41.869459,-87.653176,1302476593.0,14366610,14366683
14366683,41.869448,-87.653422,1302476595.0,14366646,14366741
14366741,41.869446,-87.653745,1302476598.0,14366683,14366857
14366857,41.869452,-87.654018,1302476604.0,14366741,14366963
14366963,41.869429,-87.654302,1302476609.0,14366857,14367017
14367017,41.869415,-87.654605,1302476612.0,14366963,14367078
14367078,41.869421,-87.654921,1302476615.0,14367017,14367140
14367140,41.869422,-87.655211,1302476618.0,14367078,14367186
14367186,41.869415,-87.655462,1302476621.0,14367140,14367255
14367255,41.869407,-87.655738,1302476625.0,14367186,14367348
14367348,41.869397,-87.656045,1302476630.0,14367255,14367402
14367402,41.869398,-87.656328,1302476634.0,14367348,14367470
14367470,41.869418,-87.656589,1302476638.0,14367402,14367665
14367665,41.869435,-87.656834,1302476647.0,14367470,14367847
14367847,41.869419,-87.657082,1302476655.0,14367665,14367917
14367917,41.869414,-87.657424,1302476658.0,14367847,14367966
14367966,41.869414,-87.657711,1302476660.0,14367917,14368016
14368016,41.869406,-87.658023,1302476662.0,14367966,14368062
14368062,41.869402,-87.658351,1302476664.0,14368016,14368109
14368109,41.869403,-87.658669,1302476666.0,14368062,14368153
14368153,41.869401,-87.658968,1302476668.0,14368109,14368201
14368201,41.869393,-87.659252,1302476670.0,14368153,14368245
14368245,41.869378,-87.659534,1302476672.0,14368201,14368301
14368301,41.86937,-87.659824,1302476674.0,14368245,14368349
14368349,41.869368,-87.660122,1302476676.0,14368301,14368401
14368401,41.869362,-87.660419,1302476678.0,14368349,14368446
14368446,41.869357,-87.66071,1302476680.0,14368401,14368497
14368497,41.869347,-87.660989,1302476682.0,14368446,14368547
14368547,41.869335,-87.661253,1302476684.0,14368497,14368599
14368599,41.869329,-87.661498,1302476686.0,14368547,14368679
14368679,41.869323,-87.661843,1302476689.0,14368599,14368755
14368755,41.869321,-87.662168,1302476692.0,14368679,14368860
14368860,41.869329,-87.662448,1302476696.0,14368755,14369025
14369025,41.869308,-87.662691,1302476702.0,14368860,14369148
14369148,41.869287,-87.663002,1302476707.0,14369025,14369256
14369256,41.869285,-87.663298,1302476711.0,14369148,14369368
14369368,41.869288,-87.663567,1302476715.0,14369256,14369662
14369662,41.869301,-87.663818,1302476726.0,14369368,14369796
14369796,41.86923,-87.664061,1302476737.0,14369662,14369822
14369822,41.869185,-87.664387,1302476741.0,14369796,14369845
14369845,41.869176,-87.664758,1302476744.0,14369822,14369861
14369861,41.869176,-87.665023,1302476746.0,14369845,14369879
14369879,41.869172,-87.66527,1302476748.0,14369861,14369907
14369907,41.869164,-87.665579,1302476751.0,14369879,14369947
14369947,41.869171,-87.665829,1302476755.0,14369907,14370026
14370026,41.869208,-87.666085,1302476762.0,14369947,14370074
14370074,41.869217,-87.666399,1302476766.0,14370026,14370113
14370113,41.869207,-87.666772,1302476769.0,14370074,14370139
14370139,41.869192,-87.667046,1302476771.0,14370113,14370166
14370166,41.869175,-87.667316,1302476773.0,14370139,14370194
14370194,41.869163,-87.667592,1302476775.0,14370166,14370222
14370222,41.869153,-87.667866,1302476777.0,14370194,14370250
14370250,41.869154,-87.66812,1302476779.0,14370222,14370289
14370289,41.869174,-87.668431,1302476782.0,14370250,14370493
14370493,41.869198,-87.668703,1302476795.0,14370289,14370590
14370590,41.869204,-87.668965,1302476801.0,14370493,14370643
14370643,41.869182,-87.669219,1302476804.0,14370590,14370695
14370695,41.869174,-87.669539,1302476807.0,14370643,14370731
14370731,41.869178,-87.669798,1302476809.0,14370695,14370769
14370769,41.869167,-87.670084,1302476811.0,14370731,14370805
14370805,41.86916,-87.67037,1302476813.0,14370769,14370842
14370842,41.869157,-87.670641,1302476815.0,14370805,14370900
14370900,41.86917,-87.670962,1302476818.0,14370842,14371280
14371280,41.869189,-87.671234,1302476837.0,14370900,14371484
14371484,41.869286,-87.67153,1302476847.0,14371280,14371502
14371502,41.869298,-87.671781,1302476849.0,14371484,14371536
14371536,41.869301,-87.672078,1302476851.0,14371502,14371579
14371579,41.869298,-87.672354,1302476853.0,14371536,14371614
14371614,41.869301,-87.672608,1302476855.0,14371579,14371676
14371676,41.869317,-87.672874,1302476858.0,14371614,14371740
14371740,41.869307,-87.673116,1302476862.0,14371676,14371802
14371802,41.869282,-87.673428,1302476865.0,14371740,14371846
14371846,41.869273,-87.673709,1302476867.0,14371802,14371890
14371890,41.869266,-87.674041,1302476869.0,14371846,14371938
14371938,41.869261,-87.674391,1302476871.0,14371890,14371990
14371990,41.86925,-87.674751,1302476873.0,14371938,14372039
14372039,41.869247,-87.675075,1302476875.0,14371990,14372106
14372106,41.86925,-87.6754,1302476878.0,14372039,14372351
14372351,41.869255,-87.675662,1302476889.0,14372106,14372437
14372437,41.869223,-87.675978,1302476893.0,14372351,14372484
14372484,41.869209,-87.676226,1302476895.0,14372437,14372536
14372536,41.869204,-87.676519,1302476897.0,14372484,14372586
14372586,41.869195,-87.676856,1302476899.0,14372536,14372638
14372638,41.869187,-87.677207,1302476901.0,14372586,14372685
14372685,41.869178,-87.677564,1302476903.0,14372638,14372737
14372737,41.869171,-87.677922,1302476905.0,14372685,14372785
14372785,41.869168,-87.678281,1302476907.0,14372737,14372841
14372841,41.869165,-87.678633,1302476909.0,14372785,14372897
14372897,41.869161,-87.678972,1302476911.0,14372841,14372949
14372949,41.869153,-87.679295,1302476913.0,14372897,14373002
14373002,41.869146,-87.679606,1302476915.0,14372949,14373053
14373053,41.869144,-87.679886,1302476917.0,14373002,14373127
14373127,41.86914,-87.680208,1302476920.0,14373053,14373238
14373238,41.869131,-87.68046,1302476924.0,14373127,14373766
14373766,41.869106,-87.680748,1302476943.0,14373238,14373848
14373848,41.869093,-87.681011,1302476946.0,14373766,14373906
14373906,41.869083,-87.681276,1302476948.0,14373848,14373951
14373951,41.86907,-87.681598,1302476950.0,14373906,14374002
14374002,41.869063,-87.681942,1302476952.0,14373951,14374066
14374066,41.869058,-87.682277,1302476954.0,14374002,14374121
14374121,41.869053,-87.682598,1302476956.0,14374066,14374178
14374178,41.86905,-87.682881,1302476958.0,14374121,14374266
14374266,41.869055,-87.683199,1302476961.0,14374178,14374413
14374413,41.869076,-87.683446,1302476967.0,14374266,None
